tree
version=v4
num_class=3
num_tree_per_iteration=3
label_index=0
max_feature_idx=15
objective=multiclass num_class:3
feature_names=ma_10_ratio ma_30_ratio ma_200_ratio rsi_14 macd_hist stoch_k atr_14_pct bb_width bb_position adx_14 return_1 volume_ratio hour_sin hour_cos rsi_14_1d ma_50_1d_ratio
feature_infos=[0.9282785459340519:1.0779576195787481] [0.87875853586900654:1.0923856869432083] [0.7795100955013029:1.1856964932129814] [1.716112919094499:98.295538757966085] [-953.00223272314952:885.64154068106438] [0:100] [0.0012163816621198861:0.038271628713109629] [0.0021994076467375823:0.22734246689125856] [-0.50029165317590618:1.497140965354931] [4.7421618308105336:98.937580500733787] [-0.049101442053134936:0.050906205506907165] [0.077393029546948669:10.590528582247845] [-1:1] [-1:1] [10.026229990439532:90.923160103372496] [0.75877548971809794:1.4331232090152759]
tree_sizes=1690 1692 1681 1734 1760 1745 1743 1742 1749 1725 1717 1726 1756 1741 1716 1760 1694 1730 1747 1743 1746 1749 1752 1752 1726 1732 1753 1727 1760 1749 1737 1749 1754 1730 1718 1745 1726 1757 1760 1749 1755 1759 1754 1740 1753 1761 1757 1728 1750 1751 1753 1735 1752 1734

Tree=0
num_leaves=15
num_cat=0
split_feature=7 11 14 6 2 15 14 4 6 11 8 6 4 14
split_gain=84.4652 44.8177 38.1856 36.6399 33.3994 25.519 22.4335 24.2719 19.258 19.3515 18.9291 15.1154 14.9912 14.3656
threshold=0.019584497197051468 0.33619304858759097 34.875439462255379 0.015788542305304673 0.98536852536701236 0.9941012908520418 78.728680944859718 78.164429151043876 0.012725157716531529 0.37497631655747121 0.73669908592122846 0.0082670170024967682 -15.816340704090747 60.383878332543311
decision_type=2 2 2 2 2 2 2 2 2 2 2 2 2 2
left_child=1 -1 -3 4 8 10 7 -7 9 -2 -4 -6 -8 -13
right_child=3 2 5 -5 11 6 12 -9 -10 -11 -12 13 -14 -15
leaf_value=-1.1171264406189567 -1.108453446118929 -1.1116793543987247 -1.0627369334006349 -1.1288397514581185 -1.1031086707573912 -1.0936254053087688 -1.0824741848849677 -1.0615374981570416 -1.1137126088860498 -1.0874636389384156 -1.0938524563778125 -1.1062153074503114 -1.0396149363180778 -1.1234981917841727
leaf_weight=120.67394149303436 129.32241272926331 122.30333530902863 222.5336948633194 138.08835518360138 1043.3260678052902 667.41209769248962 63.080689907073975 64.162675380706787 107.36972975730896 592.51254272460938 70.784026265144348 306.00457561016083 36.654740333557129 220.68082654476166
leaf_count=335 360 384 724 356 3100 2115 199 201 300 1816 234 859 119 605
internal_value=-1.09852 -1.0885 -1.08564 -1.1039 -1.10241 -1.08273 -1.0874 -1.09062 -1.09436 -1.09134 -1.06991 -1.10671 -1.06514 -1.11367
internal_weight=3904.91 1367.61 1246.93 2537.3 2399.22 1124.63 831.31 731.575 829.205 721.835 293.318 1570.01 99.7354 526.685
internal_count=11707 4311 3976 7396 7040 3592 2634 2316 2476 2176 958 4564 318 1464
is_linear=0
shrinkage=1


Tree=1
num_leaves=15
num_cat=0
split_feature=7 11 11 7 15 7 9 2 12 11 5 7 11 3
split_gain=343.117 132.797 120.9 71.9515 46.5646 34.8254 35.6097 41.7996 32.2646 29.7048 27.051 23.3115 17.6012 14.0019
threshold=0.02043304133219247 0.3185277821061962 0.36344617908496973 0.075777267319036876 0.95279597487515022 0.0087326447109402922 16.440902331818823 1.0584573606244869 1.0000000180025095e-35 2.056049289949033 25.34518230706448 0.051771977045211422 0.81124154371174395 65.121709409119717
decision_type=2 2 2 2 2 2 2 2 2 2 2 2 2 2
left_child=1 -1 -2 4 11 -3 12 -8 9 -6 -5 13 -7 -4
right_child=2 5 3 10 8 6 7 -9 -10 -11 -12 -13 -14 -15
leaf_value=-1.0659930238879882 -1.0625997803017608 -1.1401490864547159 -1.108979286430595 -1.098360625714091 -1.0787203718815019 -1.0785429783620661 -1.1238957903794489 -1.0810581541433961 -1.0987545086004267 -1.1040934848315389 -1.0492637866565349 -1.0891130570906589 -1.1156357029501922 -1.1346008578394695
leaf_weight=112.34481859207153 421.59684979915619 225.43386971950531 316.56316447257996 40.014908790588379 628.1100298166275 77.116661071777344 939.03612267971039 57.148650884628296 588.69551610946655 134.96356987953186 124.92906975746155 120.58084297180176 50.246598601341248 68.129038453102112
leaf_count=308 1146 752 976 119 1787 218 2999 163 1767 411 325 353 158 225
internal_value=-1.09841 -1.11754 -1.08693 -1.09207 -1.09495 -1.12193 -1.11814 -1.12133 -1.09008 -1.08331 -1.06058 -1.1078 -1.09379 -1.11387
internal_weight=3904.91 1461.33 2443.58 2021.99 1857.04 1348.98 1123.55 996.185 1351.77 763.074 164.944 505.273 127.363 384.692
internal_count=11707 4598 7109 5963 5519 4290 3538 3162 3965 2198 444 1554 376 1201
is_linear=0
shrinkage=1


Tree=2
num_leaves=15
num_cat=0
split_feature=6 15 7 7 2 7 9 2 15 8 15 2 2 4
split_gain=184.275 54.7845 33.2449 29.5802 30.6293 26.3283 18.9931 17.9503 15.9867 15.4244 13.1479 18.584 12.5531 12.4405
threshold=0.0060541715784670266 0.94609207394458616 0.0079111513042175782 0.041062379013302265 1.006755115591677 0.075777267319036876 18.792967430240896 0.96454707066890577 1.1779477034060288 0.40145553399337447 1.3172593913425796 1.0654744679193755 0.94414239994266314 102.56246477494319
decision_type=2 2 2 2 2 2 2 2 2 2 2 2 2 2
left_child=2 3 6 4 7 8 -1 -2 12 -5 11 -10 -3 -4
right_child=1 5 13 9 -6 -7 -8 -9 10 -11 -12 -13 -14 -15
leaf_value=-1.0363921378070817 -1.0928851310563976 -1.0857708277712468 -1.0869633960355809 -1.095439721181978 -1.1191337363125735 -1.1336077000222968 -1.0762669888835688 -1.0641664257279266 -1.0989826895751957 -1.1178422301683164 -1.1146290985914955 -1.0587419150206627 -1.1135743402805867 -1.1009304088112468
leaf_weight=43.210330009460449 102.97939765453339 37.536483526229858 1262.471672296524 156.7130936384201 46.385678887367249 139.07241368293762 139.10549008846283 136.25908231735229 114.55252373218536 139.71295630931854 79.333712100982666 34.768223524093628 1301.00814640522 171.8005074262619
leaf_count=148 321 119 3944 472 140 363 463 431 345 386 221 108 3717 529
internal_value=-1.09892 -1.10807 -1.08603 -1.09493 -1.08342 -1.11259 -1.06584 -1.07607 -1.11064 -1.10581 -1.09861 -1.08971 -1.11272 -1.08869
internal_weight=3904.91 2288.32 1616.59 582.05 285.624 1706.27 182.316 239.238 1567.2 296.426 228.654 149.321 1338.54 1434.27
internal_count=11707 6623 5084 1750 892 4873 611 752 4510 858 674 453 3836 4473
is_linear=0
shrinkage=1


Tree=3
num_leaves=15
num_cat=0
split_feature=7 11 6 11 15 6 0 4 15 15 6 5 1 15
split_gain=68.5189 48.9262 32.6088 17.4749 14.6665 9.95252 12.4326 7.29096 18.3462 14.009 11.2176 11.2451 10.7363 8.99478
threshold=0.022439827498575985 0.33619304858759097 0.015788542305304673 0.37136852783423563 0.87764815755899084 0.0084460939798439803 0.98894832222407736 -22.113466910472408 0.99098262265619519 0.96855195964056595 0.0053714630253656687 49.80311124259358 0.99979897334825718 0.95279597487515022
decision_type=2 2 2 2 2 2 2 2 2 2 2 2 2 2
left_child=1 -1 3 -2 -5 -6 -7 8 12 10 11 -9 -3 -14
right_child=2 7 -4 4 5 6 -8 9 -10 -11 -12 -13 13 -15
leaf_value=-0.017959613902300761 -0.013536931515080701 0.028449832511679624 -0.028616962476009263 0.0159857807222702 0.00016394724256933409 0.0065351247853046041 -0.011123391769894381 0.028997866992843832 0.00054002784493930244 0.017062937551194195 -0.012320705720535742 0 0.021041136841560934 -0.015487990899331842
leaf_weight=162.47916838526726 385.1241212785244 117.22412386536598 142.2089219391346 106.59064188599586 978.83672943711281 116.00303500890732 521.70901158452034 51.061131447553635 442.94858357310295 685.70811203122139 79.367964148521423 82.42882239818573 30.861637026071548 31.674178004264832
leaf_count=456 1073 375 373 329 2939 346 1485 166 1379 2161 239 263 102 99
internal_value=0.000158909 0.00780087 -0.00552719 -0.00390852 -0.00169989 -0.00293068 -0.00778359 0.0106214 0.00620624 0.0135773 0.00194505 0.0110371 0.0195962 0.00147051
internal_weight=3934.23 1683.75 2250.47 2108.26 1723.14 1616.55 637.712 1521.27 622.709 898.566 212.858 133.49 179.76 62.5358
internal_count=11785 5240 6545 6172 5099 4770 1831 4784 1955 2829 668 429 576 201
is_linear=0
shrinkage=0.05


Tree=4
num_leaves=15
num_cat=0
split_feature=6 11 6 2 6 11 6 11 15 12 9 11 2 12
split_gain=374.682 189.007 70.5487 63.0966 48.8504 32.0128 28.2118 26.9567 22.8208 21.4283 15.0552 14.451 14.258 13.2997
threshold=0.0068089926641171361 0.30397404256598243 0.015788542305304673 0.97430424443083818 0.0041856751386034237 0.32207098174380899 0.012361110350436083 0.51050633195737072 0.90610985671108779 -0.70710678118654735 56.029089451072245 0.4945021335190794 1.0529804304486707 -0.60355339059327362
decision_type=2 2 2 2 2 2 2 2 2 2 2 2 2 2
left_child=1 -1 3 5 10 -2 8 12 -7 -9 -3 -6 -5 -13
right_child=2 4 -4 7 11 6 -8 9 -10 -11 -12 13 -14 -15
leaf_value=0.035181196972245046 0.03176691716707862 -0.032320175357175331 0.049811309320047549 0.024731511146197052 -0.0018444397197799394 -0.033013704579271171 0.016590421986967026 0.024802983346270228 -0.00423079596989266 0.0076222848853677947 -0.00075599321928302094 -0.0065681509773392738 0.048976135843218332 -0.019724263744404183
leaf_weight=173.20580399036407 63.542381048202515 601.16710364818573 146.55293047428131 332.03314301371574 247.63188543915749 96.564759761095047 105.93526390194893 302.86810067296028 257.78819835186005 502.55371484160423 45.616350501775742 300.43369776010513 88.798753768205643 669.79422774910927
leaf_count=464 170 1989 373 919 747 316 301 841 782 1470 140 921 227 2125
internal_value=0.000500668 -0.0143584 0.0165039 0.0136182 -0.0190331 -0.000770833 -0.00554288 0.0198172 -0.0124262 0.0142212 -0.0302188 -0.0129913 0.0302321 -0.0157495
internal_weight=3934.49 2037.85 1896.64 1750.08 1864.64 523.831 460.288 1226.25 354.353 805.422 646.783 1217.86 420.832 970.228
internal_count=11785 6386 5399 5026 5922 1569 1399 3457 1098 2311 2129 3793 1146 3046
is_linear=0
shrinkage=0.05


Tree=5
num_leaves=15
num_cat=0
split_feature=6 11 7 14 2 14 6 2 14 2 4 14 11 5
split_gain=179.033 50.7878 28.2105 21.7194 21.1468 23.6719 27.8334 18.5363 16.9311 17.3612 15.0611 12.1398 11.7608 10.4465
threshold=0.0060852653900837711 0.31392980170878726 0.075777267319036876 76.93984988559771 1.0382641753766813 68.334558877864595 0.003250468673787984 0.9302735858215766 25.617147188383793 0.97387614679620982 270.7445198689087 33.175441847472527 0.34318034129090896 33.674044313807009
decision_type=2 2 2 2 2 2 2 2 2 2 2 2 2 2
left_child=1 -1 7 4 5 6 -3 11 9 -9 12 -2 -10 -4
right_child=2 3 13 -5 -6 -7 -8 8 10 -11 -12 -13 -14 -15
leaf_value=-0.016102455877813018 -0.00036309310451683669 0.032776071695227525 -0.0087617690889666127 -0.0045750735634674687 0.035294558346434392 -0.0022329640337673882 0.012631767080145576 0.036746543603119818 -0.018668303452425049 -0.0095279033285782695 -0.029799367970251407 0.038411858466109304 -0.006969472929095057 -0.034495995041622936
leaf_weight=144.41354331374168 40.681934475898743 225.75703248381615 67.45578271150589 128.71169230341911 137.53158503770828 179.12657770514488 837.94457188248634 38.591133415699005 261.36430498957634 35.381591767072678 90.815464049577713 31.920944720506668 1563.6428777873516 149.64605385065079
leaf_count=394 126 740 193 405 443 549 2640 120 718 102 246 99 4619 391
internal_value=-0.000678878 0.011818 -0.00977908 0.0145574 0.0163997 0.0141951 0.017031 -0.00790605 -0.00884062 0.0139578 -0.00977364 0.0162523 -0.00870455 -0.0269954
internal_weight=3932.99 1653.49 2279.5 1509.07 1380.36 1242.83 1063.7 2062.4 1989.8 73.9727 1915.82 72.6029 1825.01 217.102
internal_count=11785 5171 6614 4777 4372 3929 3380 6030 5805 222 5583 225 5337 584
is_linear=0
shrinkage=0.05


Tree=6
num_leaves=15
num_cat=0
split_feature=11 2 9 14 14 15 5 9 2 14 14 13 1 0
split_gain=49.9447 35.4741 23.9853 22.3004 36.5029 16.955 14.6387 9.90964 8.69209 14.9466 8.28102 7.02924 6.43117 5.5282
threshold=0.33619304858759097 1.0567000986145401 60.091405701465398 37.974014203718269 38.275117770290372 0.89527062284491632 52.042578973700238 46.671544038455146 0.95679211891378435 27.579430167073912 44.40812195906728 0.1294095225512602 1.0075750663392149 1.0047697190444353
decision_type=2 2 2 2 2 2 2 2 2 2 2 2 2 2
left_child=7 2 3 8 -5 -6 -3 -1 9 -2 -9 13 -10 -8
right_child=1 6 -4 4 5 -7 11 10 12 -11 -12 -13 -14 -15
leaf_value=-0.020371700280094551 -0.010793263708557835 -0.031279880719495737 -0.010566966986002603 0.053742826110444133 -0.023131029815089313 0.0069301867991165347 0.014195139251258952 0.013989330285620044 -0.011082682246382423 0.02068839369108488 -0.011757810612454685 -0.015978292612624612 0.001784507076068661 -0.0067024566285701151
leaf_weight=323.21719869971275 63.029218137264252 86.798172652721405 268.93178322911263 39.784982323646545 44.933066487312317 2190.7506867945194 48.191399812698364 40.845272809267044 314.77484503388405 82.595335811376572 102.26245123147964 110.22216454148293 125.93446803092957 81.533086895942688
leaf_count=900 194 243 791 126 140 6719 146 122 958 246 283 309 375 240
internal_value=-0.000142834 0.00191243 0.00357008 0.00493122 0.00718175 0.00627236 -0.0136675 -0.0154844 -0.00366994 0.00659283 -0.00380077 -0.00678051 -0.00724497 0.000589086
internal_weight=3923.8 3457.48 3130.73 2861.8 2275.47 2235.68 326.745 466.325 586.334 145.625 143.108 239.947 440.709 129.724
internal_count=11792 10487 9549 8758 6985 6859 938 1305 1773 440 405 695 1333 386
is_linear=0
shrinkage=0.05


Tree=7
num_leaves=15
num_cat=0
split_feature=7 7 15 7 5 13 9 2 2 13 3 2 0 15
split_gain=290.517 86.5575 46.0376 43.6253 40.6891 33.9319 26.8506 23.8505 19.6624 18.3261 20.8004 17.702 15.9325 14.7853
threshold=0.020695815194912346 0.055073376384632382 0.95279597487515022 0.0089102936644485462 25.34518230706448 -0.37940952255126015 16.440902331818823 1.0574934433729202 1.0282967392904421 0.1294095225512602 72.57188738636917 1.0602890866217689 0.99057421416812053 0.94404209145626006
decision_type=2 2 2 2 2 2 2 2 2 2 2 2 2 2
left_child=3 2 -2 -1 13 -4 8 -8 -5 10 -6 12 -7 -3
right_child=1 4 5 6 9 11 7 -9 -10 -11 -12 -13 -14 -15
leaf_value=-0.037550910566277941 -0.0082005612792511312 -0.0151553558841387 -0.00093265728075790687 0.015143194255002729 0.033517540531080803 -0.0073359375574214543 -0.018781756821690115 0.010645847325062498 -0.027362615038182991 0.045176764996589631 -0.0034572750675856689 0.034623348076041283 0.014802136778408879 0.019351092860393378
leaf_weight=241.89327231049538 479.81451490521431 58.444590836763382 492.00342416763306 118.38067707419395 113.85517230629921 84.970708042383194 1017.9837413132191 69.242763578891754 32.450849443674088 233.93454200029373 50.944954037666321 105.96493780612946 762.03048372268677 60.729039251804352
leaf_count=832 1476 182 1474 341 300 257 3266 201 105 593 151 282 2163 169
internal_value=-0.000515352 0.0100541 0.00511084 -0.0180011 0.028191 0.00958807 -0.0140666 -0.0168226 0.00526909 0.0358314 0.0217334 0.0150889 0.0124809 0.00183882
internal_weight=3922.64 2442.69 1924.78 1479.95 517.908 1444.97 1238.06 1087.23 150.832 398.735 164.8 952.966 847.001 119.174
internal_count=11792 7047 5652 4745 1395 4176 3913 3467 446 1044 451 2702 2420 351
is_linear=0
shrinkage=0.05


Tree=8
num_leaves=15
num_cat=0
split_feature=6 15 2 6 7 1 11 7 2 2 15 2 4 6
split_gain=157.858 54.2364 35.9634 35.2409 29.2146 28.6761 27.0799 25.9945 20.8592 18.6059 16.4282 14.9659 13.7505 13.0009
threshold=0.0060034632472122504 0.94695996328379028 1.0064235170240272 0.0030139534512028591 0.041062379013302265 0.9969341430000157 0.36344617908496973 0.075777267319036876 0.94258147320212904 1.0417649189102627 1.1241798645287131 0.96454707066890577 -59.715021237660885 0.010290860782605585
decision_type=2 2 2 2 2 2 2 2 2 2 2 2 2 2
left_child=3 2 4 5 11 -1 -5 8 -3 -8 13 -2 -6 -10
right_child=1 7 -4 6 12 -7 9 -9 10 -11 -12 -13 -14 -15
leaf_value=-0.0090340074072489899 0.0073014221456170984 0.024420209357460601 -0.021907011731166628 -0.0089517552745848519 0.010188122439921191 0.03632899542140066 0.0096250947127318326 -0.033490802412387576 -0.012086350821924708 0.029571001661108043 -0.0019007123526134191 0.033059347585637416 -0.012752243195731962 -0.028529620264049899
leaf_weight=37.366953074932098 108.03301548957825 38.775583386421204 99.846777051687241 171.00703659653664 126.3110403418541 224.25822123885155 1046.661745429039 134.6676219701767 1009.2606258094311 136.2690811753273 368.35928282141685 144.95148757100105 129.57588616013527 146.66125389933586
leaf_count=115 338 125 291 486 387 731 3274 361 2963 436 1085 451 366 383
internal_value=0.000677449 -0.00769536 0.00501004 0.0126719 0.0105034 0.0295461 0.00931717 -0.0122955 -0.010381 0.0120321 -0.0113463 0.0224975 -0.00114639 -0.0142831
internal_weight=3922.01 2306.44 608.718 1615.56 508.871 261.625 1353.94 1697.72 1563.06 1182.93 1524.28 252.985 255.887 1155.92
internal_count=11792 6750 1833 5042 1542 846 4196 4917 4556 3710 4431 789 753 3346
is_linear=0
shrinkage=0.05


Tree=9
num_leaves=15
num_cat=0
split_feature=7 14 6 8 15 9 14 15 4 14 14 14 6 7
split_gain=74.053 34.0557 29.5925 27.9427 22.865 26.4646 30.5392 26.447 24.0491 23.8164 35.246 20.1345 21.8388 18.7059
threshold=0.019584497197051468 34.875439462255379 0.015788542305304673 0.016315896260436523 0.99296696951888619 18.565091196096787 78.728680944859718 0.98016100961396402 73.4726636118599 47.512694739356839 38.275117770290372 60.383878332543311 0.0065528463655043822 0.014027075138613723
decision_type=2 2 2 2 2 2 2 2 2 2 2 2 2 2
left_child=1 -1 3 -2 7 -6 8 9 -7 10 -3 -5 -13 -11
right_child=2 4 -4 11 5 6 -8 -9 -10 13 -12 12 -14 -15
leaf_value=-0.013882587629144204 0.015962782059250075 0.037367216983371351 -0.028087045874301504 -0.0023617320003905058 -0.0091529412666686832 0.0043537651939497954 0.039236245528877646 0.053781867336383439 0.036893264074575681 0.051301434232460891 -0.014013091778493886 0 -0.019061128116322233 0.0096441647782323659
leaf_weight=141.95045325160027 157.81088817119598 46.797349393367767 135.84315392374992 1533.7367931306362 185.33839324116707 578.47663271427155 88.101324886083603 57.828333765268326 62.415503203868866 61.851586937904358 102.46793559193611 221.54883396625519 453.82239529490471 57.698290556669235
leaf_count=444 482 150 365 4538 564 1808 276 183 190 198 331 667 1285 174
internal_value=-0.000318905 0.00893874 -0.0054673 -0.00411483 0.0116277 0.00742013 0.0117498 0.0230602 0.00774431 0.015826 0.00188082 -0.00559616 -0.012802 0.0323029
internal_weight=3885.69 1382.93 2502.76 2366.92 1240.98 914.332 728.993 326.643 640.892 268.815 149.265 2209.11 675.371 119.55
internal_count=11655 4318 7337 6972 3874 2838 2274 1036 1998 853 481 6490 1952 372
is_linear=0
shrinkage=0.05


Tree=10
num_leaves=15
num_cat=0
split_feature=6 11 6 15 9 11 11 6 6 15 2 6 15 12
split_gain=303.348 139.426 56.6281 59.3554 41.2069 29.3326 25.3227 24.773 24.2488 20.2836 18.9066 17.7961 12.7552 11.7909
threshold=0.0066600903166684567 0.36344617908496973 0.015788542305304673 0.94609207394458616 50.676050848865039 0.99259186862028581 0.58255405468602695 0.0093096016423147715 0.0041534462178071515 1.1097194909613861 1.0602890866217689 0.013122009081761929 0.97934284694110885 -0.25881904510252113
decision_type=2 2 2 2 2 2 2 2 2 2 2 2 2 2
left_child=1 13 3 6 8 7 -2 10 -3 -9 -5 -8 -6 -1
right_child=2 4 -4 5 12 -7 11 9 -10 -11 -12 -13 -14 -15
leaf_value=0 0.011127745539046408 -0.03142589043169957 0.043921451754267149 0.011529147097896686 -0.020103211503541198 0.0059837342680428614 -0.017535641798462325 0.042940635707850755 -0.017308690021841058 0.015700352376947575 0.03740561942981685 0.018259900916550269 0.0065581704942136781 0.025310523304524275
leaf_weight=58.358155995607376 175.13169527053833 506.07814225554466 147.52704668045044 501.34549430012703 57.435556501150131 435.63961088657379 255.23319488763809 207.24736359715462 908.35048705339432 122.21748217940331 85.812029778957367 36.489466160535812 180.9297935962677 205.21517696976662
leaf_count=172 504 1732 365 1425 187 1265 811 527 2906 337 221 102 541 560
internal_value=0.000325763 -0.0138044 0.0141329 0.0116303 -0.0192132 0.0169406 -0.00359783 0.022042 -0.02245 0.0332176 0.0155524 -0.012709 0 0.0197194
internal_weight=3883.01 1916.37 1966.64 1819.12 1652.79 1352.26 466.854 916.622 1414.43 329.465 587.158 291.723 238.365 263.573
internal_count=11655 6098 5557 5192 5366 3775 1417 2510 4638 864 1646 913 728 732
is_linear=0
shrinkage=0.05


Tree=11
num_leaves=15
num_cat=0
split_feature=7 7 11 11 14 14 4 7 4 11 3 12 14 13
split_gain=82.6428 40.8379 25.8099 24.8278 20.6264 18.5592 16.8735 14.976 11.7083 11.0578 9.48015 9.26825 8.91926 8.66039
threshold=0.039760838236973475 0.0083088297230659355 0.4945021335190794 0.54122161467916718 66.204196647418698 33.261410325804668 270.7445198689087 0.020572698400934977 36.372329445925942 0.2058051633526414 63.529178610605733 -0.78656609248549303 68.334558877864595 0.37940952255126048
decision_type=2 2 2 2 2 2 2 2 2 2 2 2 2 2
left_child=1 4 9 -2 8 7 -5 -4 -1 -3 -9 -7 -13 -11
right_child=3 2 5 6 -6 11 -8 10 -10 13 -12 12 -14 -15
leaf_value=0.041554478262113934 -0.02286352651369488 -0.02596774351946329 0.037740512358346114 -0.0025078459995438937 0 -0.0020098104544442131 -0.026523979674029752 -0.0023566360352507737 0.0048266257329525296 0.0024664508922034156 0.029302937515418001 0.0085693592815929785 -0.00060089869728145425 -0.008581558744969851
leaf_weight=123.50641319155693 370.24288314580917 58.738558322191238 75.966551899909973 513.27702769637108 57.316357672214508 462.87992942333221 85.56165623664856 69.056832522153854 32.73027440905571 319.93074262142181 31.231144845485687 966.20215699076653 344.39311927556992 373.62237265706062
leaf_count=401 1024 152 241 1530 183 1379 238 208 100 963 101 3022 1041 1072
internal_value=0 0.0041986 0.00249502 -0.0126411 0.0251824 0.00554801 -0.00614095 0.0210307 0.0344925 -0.00531179 0.00714957 0.00394509 0.00610525 -0.00338493
internal_weight=3884.66 2915.57 2702.02 969.082 213.553 1949.73 598.839 176.255 156.237 752.292 100.288 1773.48 1310.6 693.553
internal_count=11655 8863 8179 2792 684 5992 1768 550 501 2187 309 5442 4063 2035
is_linear=0
shrinkage=0.05


Tree=12
num_leaves=15
num_cat=0
split_feature=7 11 2 7 4 11 2 5 2 2 7 7 11 12
split_gain=55.8808 34.3523 25.0843 23.5975 15.3981 11.6075 9.12404 12.5261 8.91205 9.27656 12.3694 8.33873 7.88237 7.52737
threshold=0.022588249709071445 0.33619304858759097 0.9906184561510476 0.054199500959497326 342.44559943450218 0.30868232660810846 1.0512244043186978 41.408279564610538 1.0345248136186884 1.0185874936017287 0.011327008416141931 0.012878504296689445 0.70063002739318103 -0.78656609248549303
decision_type=2 2 2 2 2 2 2 2 2 2 2 2 2 2
left_child=1 -1 3 5 12 -2 8 -8 9 10 -3 -11 -4 -14
right_child=2 6 4 -5 -6 -7 7 -9 -10 11 -12 -13 13 -15
leaf_value=-0.015880917560145327 -0.011875599661673363 0.019655381066107903 -0.0150937939839733 -0.011743040036919021 0.020483663908606502 0.0082706819388705475 -0.027454594377140193 0.0056946184421647738 0.023561431376634658 -0.010899318344426661 0.0073256940032985877 0.0074129351812841403 -0.014768984854911196 -0.0024306482861815746
leaf_weight=146.78316453099251 76.538853734731674 308.25110399723053 600.6109607219696 261.82993856072426 36.849653005599976 600.95411908626556 36.134006470441818 105.30097082257271 122.60261982679367 96.895906180143356 709.14933428168297 163.98879924416542 191.63354402780533 399.18253803253174
leaf_count=424 213 995 1705 754 108 1820 115 322 386 300 2196 503 540 1200
internal_value=6.9607e-05 0.00690224 -0.00522162 0.000856221 -0.00992444 0.00585605 0.00913684 -0.00251623 0.0103687 0.00900997 0.0111661 0.000295058 -0.0109605 -0.00659548
internal_weight=3856.71 1689.11 2167.6 939.323 1228.28 677.493 1542.32 141.435 1400.89 1278.29 1017.4 260.885 1191.43 590.816
internal_count=11581 5241 6340 2787 3553 2033 4817 437 4380 3994 3191 803 3445 1740
is_linear=0
shrinkage=0.05


Tree=13
num_leaves=15
num_cat=0
split_feature=7 13 7 2 8 2 7 7 15 15 2 13 3 15
split_gain=260.021 59.8857 49.6327 42.9674 24.4847 22.2273 21.6581 21.3433 19.4668 15.4507 14.9309 13.8424 13.7856 12.2591
threshold=0.022782534787399732 -0.37940952255126015 0.0093505780770529821 1.0602890866217689 0.074568869443625826 1.0584573606244869 0.048139593434693519 0.078379015311596315 0.8802317031374286 1.1502044545936483 0.98336666864877242 -0.12940952255126037 45.263375649325077 1.1134532334258413
decision_type=2 2 2 2 2 2 2 2 2 2 2 2 2 2
left_child=2 7 -1 4 -3 9 8 10 -6 11 -2 -4 -8 -13
right_child=1 3 5 -5 6 -7 12 -9 -10 -11 -12 13 -14 -15
leaf_value=-0.035257754887527082 -0.013627151117773737 -0.0065417583139150866 -0.016774653139328473 0.042135363908671855 -0.023310143749480476 0.012063599170376993 0.014551381537890137 0.029858233907010229 0.013022868807522972 -0.032284915738420426 0.0020502239355334874 -0.0077758927842892598 0.034895129892522914 0.019114719089955604
leaf_weight=259.35336399078369 223.71972423791885 126.70564585924149 584.61297282576561 152.22032901644707 35.447913378477097 90.746163606643677 172.67686975002289 50.881407886743546 796.71119338274002 98.101828873157501 445.38988468050957 558.52203065156937 210.60238149762154 42.565950453281403
leaf_count=921 698 385 1902 377 115 260 474 130 2256 329 1322 1750 539 123
internal_value=0 0.0111515 -0.015129 0.0168544 0.0138729 -0.0112309 0.0160699 -0.00059519 0.0113331 -0.012952 -0.00310481 -0.0112376 0.0260475 -0.0056902
internal_weight=3848.26 2214.36 1633.9 1494.36 1342.14 1374.55 1215.44 719.991 832.159 1283.8 669.11 1185.7 383.279 601.088
internal_count=11581 6296 5285 4146 3769 4364 3384 2150 2371 4104 2020 3775 1013 1873
is_linear=0
shrinkage=0.05


Tree=14
num_leaves=15
num_cat=0
split_feature=6 15 11 1 4 4 1 11 6 15 15 1 15 4
split_gain=144.108 40.0237 29.1932 15.1486 18.6318 14.4967 12.9518 12.4269 10.924 12.3645 9.80681 9.80129 12.9649 9.18233
threshold=0.0060541715784670266 0.94695996328379028 0.3185277821061962 0.99705097973713452 102.56246477494319 238.87862034138513 1.0062118660112802 0.9439552109648236 0.003250468673787984 0.94165316305871938 0.86114531988812326 1.0072413819914898 1.0939323464498605 49.71382952382509
decision_type=2 2 2 2 2 2 2 2 2 2 2 2 2 2
left_child=2 5 -1 13 8 10 -6 11 -5 -10 -2 12 -3 -4
right_child=1 7 3 4 6 -7 -8 -9 9 -11 -12 -13 -14 -15
leaf_value=-0.01059820179976312 0.020558125744929153 -0.015959453504942891 0.0068035215874463623 0.027688278364496135 -0.022231078781579743 -0.020127582813301556 0.0092944992532833989 -0.0063914053138073015 0.036403130048927909 0.01274446501040785 0.0020758708294167068 -0.022514577549412038 0 -0.019755540660011853
leaf_weight=136.96584430336952 86.877827346324921 489.18427136540413 352.89092859625816 261.67475491762161 45.076163291931152 59.954172134399414 103.49462309479713 575.7445008456707 64.103781700134277 652.94184154272079 447.89480727910995 378.06691136956215 167.9817079603672 32.77639901638031
leaf_count=383 276 1420 1088 834 137 165 320 1717 208 2032 1337 1073 498 93
internal_value=-6.08223e-05 -0.00843739 0.0110887 0.0131128 0.0160613 0.00253734 0 -0.0125336 0.0185618 0.0150592 0.00528359 -0.0158583 -0.0118585 0.00426263
internal_weight=3855.63 2205.7 1649.92 1512.96 1127.29 594.727 148.571 1610.98 978.72 717.046 534.773 1035.23 657.166 385.667
internal_count=11581 6486 5095 4712 3531 1778 457 4708 3074 2240 1613 2991 1918 1181
is_linear=0
shrinkage=0.05


Tree=15
num_leaves=15
num_cat=0
split_feature=7 11 6 11 3 6 3 15 5 15 15 15 1 12
split_gain=50.5445 29.359 27.1364 19.4025 12.1056 15.661 11.9918 7.48456 8.3479 11.2591 10.529 7.03454 6.23893 6.23797
threshold=0.019997753446561774 0.33619304858759097 0.016342860533032164 0.36344617908496973 38.558731351235913 0.0082670170024967682 73.956652312891933 1.1779477034060288 31.427473284420667 1.0380847988998432 0.96564477152183403 0.95832712233792694 1.0009780557404702 0.37940952255126054
decision_type=2 2 2 2 2 2 2 2 2 2 2 2 2 2
left_child=1 -1 3 -2 13 12 7 8 9 -3 -10 -7 -6 -5
right_child=2 6 -4 4 5 11 -8 -9 10 -11 -12 -13 -14 -15
leaf_value=-0.014983902834458364 -0.012701896265839353 0.024063970383897158 -0.027282907418373178 0.0018538525882896722 0.0092052623914236874 -0.0014292141023734386 -0.018241362848005187 0.027536594222652883 -0.0032260815818236409 0.003736872483629446 0.0099065663144508754 -0.013534076692438861 -0.0010770099310218214 0.013494407863332043
leaf_weight=124.44691532850266 398.71673080325127 203.63312071561813 116.59972968697548 412.5660088956356 188.04545629024506 198.62293928861618 32.818703055381775 67.209199696779251 181.57299366593361 117.47226765751839 734.00309503078461 374.3017386496067 623.30290284752846 169.70583042502403
leaf_count=357 1134 640 324 1233 576 588 103 213 572 370 2277 1071 1886 520
internal_value=0.000450228 0.00783909 -0.00387246 -0.00266465 -0.00058066 -0.00315859 0.0100391 0.0108352 0.00982403 0.0169288 0.00721907 -0.00948756 0.00123067 0.00540949
internal_weight=3943.02 1461.16 2481.86 2365.26 1966.54 1384.27 1336.71 1303.89 1236.68 321.105 915.576 572.925 811.348 582.272
internal_count=11864 4532 7332 7008 5874 4121 4175 4072 3859 1010 2849 1659 2462 1753
is_linear=0
shrinkage=0.05


Tree=16
num_leaves=15
num_cat=0
split_feature=7 11 11 7 15 12 7 9 13 7 3 5 11 1
split_gain=207.455 94.0415 67.5379 42.1025 30.9724 25.8751 25.6691 30.4425 19.4121 17.7489 18.9566 15.541 15.0337 11.6281
threshold=0.020572698400934977 0.32730965375898807 0.37923335543904907 0.073872032063271573 0.95496542312106636 -0.5 0.0089102936644485462 16.665951369207509 0.60355339059327384 0.046675187853985466 34.596853962513954 25.34518230706448 1.196310346955421 1.0084440950287221
decision_type=2 2 2 2 2 2 2 2 2 2 2 2 2 2
left_child=1 -1 8 4 9 12 -3 -8 -2 -4 -11 -5 -6 -9
right_child=2 6 3 11 5 -7 7 13 -10 10 -12 -13 -14 -15
leaf_value=0.024341229961262326 0.013979243578806817 -0.035761229146640636 -0.015087448256850664 0 0.021101879225958534 0 0.0056879116066635045 -0.021423844858210552 0.034815287076006195 -0.017225165937927105 0.018151832824847735 0.035016639991586884 0.0033002584387958642 -0.0015083146231157914
leaf_weight=129.33925387263298 241.97727492451668 219.05537141859531 350.08652082085609 45.694574892520905 318.96888586878777 800.99113324284554 129.63248598575592 861.11939907073975 246.38877815008163 56.87942236661911 99.838220924139023 137.54191395640373 207.00674563646317 89.377633899450302
leaf_count=349 657 805 1117 132 869 2367 391 2876 623 180 275 337 602 284
internal_value=-0.000579394 -0.0157905 0.00806951 0.00397469 0.00163443 0.0056835 -0.0198747 -0.0165234 0.0247434 -0.00880053 0.00478424 0.0267198 0.0142768 -0.019637
internal_weight=3933.9 1428.52 2505.37 2017.01 1833.77 1326.97 1299.18 1080.13 488.366 506.804 156.718 183.236 525.976 950.497
internal_count=11864 4705 7159 5879 5410 3838 4356 3551 1280 1572 455 469 1471 3160
is_linear=0
shrinkage=0.05


Tree=17
num_leaves=15
num_cat=0
split_feature=7 7 3 8 13 9 9 9 4 4 1 2 0 5
split_gain=70.6319 34.3754 19.07 16.4117 16.4133 16.1736 15.0058 12.0909 11.3012 11.2236 9.9628 7.29317 7.14867 7.99151
threshold=0.041453980881882603 0.0089102936644485462 68.794614970144366 0.26308281582539811 -0.5 16.208327187725217 39.594558295570465 66.175368753203358 118.95314170063592 46.206782009441646 0.99804420737717481 1.0248937310767381 1.0016424279865959 92.800531734490463
decision_type=2 2 2 2 2 2 2 2 2 2 2 2 2 2
left_child=1 9 5 -2 7 11 8 -5 -7 -1 -8 -3 -4 -14
right_child=3 2 12 4 -6 6 10 -9 -10 -11 -12 -13 13 -15
leaf_value=0.024649867862675773 -0.00089625258207693911 -0.018266529208476278 -0.0020432126595722106 -0.0096035598855822787 -0.020949511387481065 0.0062220486746090873 -0.0091596707067749753 0.022459064799527799 -0.0090017688904442429 -0.0048385192192736542 0.0020053243385321127 0.0017878502091865458 0.021855041642864368 0.00065442400943677799
leaf_weight=235.82292795181274 249.56679692864418 153.19910764694214 52.367389917373657 131.79183760285378 486.23234456777573 1336.184446066618 405.99364048242569 35.123470395803452 128.57923808693886 31.894688427448273 373.36328530311584 54.415627986192703 200.22287765145302 66.657500416040421
leaf_count=751 747 439 156 396 1383 4087 1212 110 378 95 1117 162 629 202
internal_value=0.00010886 0.00377679 0.00208649 -0.0121362 -0.0163007 0.000553179 0.00182156 -0.00222668 0.00482409 0.0208489 -0.00372347 -0.0126856 0.0135516 0.016883
internal_weight=3941.42 3038.7 2770.98 902.714 653.148 2451.74 2244.12 166.915 1464.76 267.718 779.357 207.615 319.248 266.88
internal_count=11864 9228 8382 2636 1889 7395 6794 506 4465 846 2329 601 987 831
is_linear=0
shrinkage=0.05


Tree=18
num_leaves=15
num_cat=0
split_feature=7 14 15 8 15 14 14 9 14 14 7 9 7 15
split_gain=49.9976 28.3059 27.0093 22.5092 20.5953 21.9462 28.2441 17.7601 23.6139 15.7196 15.014 14.3437 11.8902 12.7414
threshold=0.020695815194912346 34.875439462255379 0.99296696951888619 0.023589335371911834 0.98113563743315113 47.305086920072917 38.275117770290372 18.565091196096787 78.728680944859718 58.109302711476367 0.016236755356227945 30.188612359365724 0.030132282396725354 1.065977844657084
decision_type=2 2 2 2 2 2 2 2 2 2 2 2 2 2
left_child=1 11 4 -2 5 6 -3 -4 -9 12 -10 -1 -5 -14
right_child=3 2 7 9 -6 -7 -8 8 10 -11 -12 -13 13 -15
leaf_value=-0.027119400047044245 0.012360747788084865 0.031402356911523342 -0.0087346183799397892 0.0034943806649416482 0.046577660557316825 0.029293217669955386 -0.012247546607302815 0.0046907805441695578 0.046634759620145953 -0.012302516024500783 0.0023746070114770623 0.0025733938886325471 -0.0083448952993442783 0.008587450854595129
leaf_weight=84.156292825937271 169.28549310564995 52.997431755065918 193.65376850962639 440.47423928976059 64.072487235069275 136.38839581608772 110.2723600268364 715.96185308694839 58.452214002609253 740.07356953620911 33.834632843732834 68.516351103782654 895.56116926670074 120.89374861121178
leaf_count=257 517 168 588 1335 198 417 356 2208 184 2173 98 223 2596 361
internal_value=-0.000401198 0.00665419 0.00897276 -0.00496168 0.0206664 0.0146054 0.00167597 0.00462008 0.00792605 -0.00634056 0.0315979 -0.013448 -0.00324796 -0.00624447
internal_weight=3884.59 1518.31 1365.63 2366.29 363.731 299.658 163.27 1001.9 808.249 2197 92.2868 152.673 1456.93 1016.45
internal_count=11679 4697 4217 6982 1139 941 524 3078 2490 6465 282 480 4292 2957
is_linear=0
shrinkage=0.05


Tree=19
num_leaves=15
num_cat=0
split_feature=11 4 0 1 11 11 5 13 1 9 13 12 3 12
split_gain=158.252 56.5375 40.8423 49.3848 39.5347 24.1098 23.6918 20.1704 19.6952 18.4161 18.0003 16.2216 13.1477 13.0888
threshold=0.4246043654348392 161.42236752174304 0.99564582625658093 1.0077383240858206 0.21613648941753066 0.98541014608759625 82.860957428901358 -0.12940952255126037 0.99555910347057086 16.208327187725217 0.37940952255126048 -0.70710678118654735 67.761149203115977 0.25881904510252091
decision_type=2 2 2 2 2 2 2 2 2 2 2 2 2 2
left_child=4 2 5 8 -1 13 11 12 -4 -10 -6 -5 -3 -2
right_child=1 7 3 6 10 -7 -8 -9 9 -11 -12 -13 -14 -15
leaf_value=0.045690565946589094 0.022145652579007538 0.017576462262668388 -0.0064071696006736028 0.024910272665147226 0.0049744526787014248 -0.0051989036624331547 -0.012716119963245832 0.024812553938975326 -0.00042271520318674097 -0.022897842168857905 0.020951016005382645 0.0011364841670554215 -0.010523738243257034 0.00010676043634888896
leaf_weight=117.98468244075775 167.15773952007294 67.531111389398575 351.67495241761208 106.83412823081017 323.01144042611122 459.92909005284309 197.76231056451797 180.94423568248749 109.09012407064438 898.49482780694962 434.08831410109997 232.77907255291939 101.04253080487251 123.50910225510597
leaf_count=285 462 188 1080 292 931 1421 619 477 344 3048 1164 692 308 368
internal_value=0 -0.00546384 -0.00797843 -0.0118873 0.0186817 0.0018044 0.000811511 0.0133052 -0.0169566 -0.0205444 0.0142646 0.00893675 0.000367691 0.013102
internal_weight=3871.83 2996.75 2647.23 1896.64 875.084 750.596 537.376 349.518 1359.26 1007.58 757.1 339.613 168.574 290.667
internal_count=11679 9299 8326 6075 2380 2251 1603 973 4472 3392 2095 984 496 830
is_linear=0
shrinkage=0.05


Tree=20
num_leaves=15
num_cat=0
split_feature=7 7 15 11 9 11 3 7 7 7 2 2 3 1
split_gain=64.2957 36.959 30.6408 18.808 17.6777 14.5531 14.2558 12.5966 12.4519 11.3632 10.4843 12.0391 8.93438 6.9588
threshold=0.041835851071481737 0.0079111513042175782 0.88834551005004958 0.21613648941753066 19.54074619957926 0.54537161080261687 68.560377379441931 0.02196163958603653 0.075777267319036876 0.01471371929179857 0.95595132628233481 1.0229172065939556 78.573976487042117 0.99230841708620843
decision_type=2 2 2 2 2 2 2 2 2 2 2 2 2 2
left_child=1 4 7 -4 -1 -2 9 -3 10 -5 -7 13 -13 -12
right_child=5 2 3 6 -6 8 -8 -9 -10 -11 11 12 -14 -15
leaf_value=0.049376589541638032 -0.019559622136113314 0.053949030044144489 -0.023529844373459542 0.0065252130003959968 0.014397535520938962 0.012832242454628592 0.011899401731253001 0.014819703201724483 -0.020468540521505579 -0.0014244769647990142 -0.0029986392838269489 -0.0020921018944672918 0.027126644981542089 -0.023137081543312708
leaf_weight=53.881230384111404 348.29171431064606 33.157971084117889 71.795746713876724 603.47691762447357 140.25253888964653 91.390783727169037 319.01771771907806 76.212948352098465 114.33733254671097 1721.0294927060604 92.281560808420181 84.468942701816559 33.504960358142853 99.553337395191193
leaf_count=171 996 108 188 1869 439 284 980 235 326 5157 279 255 108 284
internal_value=0.000401209 0.00386256 0.00237408 0.00128986 0.0248928 -0.0115895 0.00200957 0.0281117 -0.00600533 0.00061098 -0.00161638 -0.00617409 0.00589485 -0.0139674
internal_weight=3882.65 3018.82 2824.69 2715.32 194.134 863.829 2643.52 109.371 515.537 2324.51 401.2 309.809 117.974 191.835
internal_count=11679 9147 8537 8194 610 2532 8006 343 1536 7026 1210 926 363 563
is_linear=0
shrinkage=0.05


Tree=21
num_leaves=15
num_cat=0
split_feature=6 14 14 1 14 14 14 2 2 2 5 14 7 6
split_gain=58.9294 25.9752 18.9718 17.2099 22.6294 28.2086 33.4116 22.9326 20.7647 29.7695 16.5353 12.1815 10.855 15.1162
threshold=0.0082973471437434391 57.59565643181071 54.299379450893632 1.0074037216920986 34.875439462255379 55.226805725499993 63.039597302105797 1.0574934433729202 1.0185874936017287 1.0308770173216881 84.167437220724025 43.481430822496158 0.1016590787971868 0.01356171000003473
decision_type=2 2 2 2 2 2 2 2 2 2 2 2 2 2
left_child=3 2 12 4 -1 8 -7 -8 -6 -10 11 -5 13 -2
right_child=1 -3 -4 10 5 6 7 -9 9 -11 -12 -13 -14 -15
leaf_value=-0.0078615836326586599 -0.004917696532125833 -0.021455789672671349 0.017998250951075531 -0.023887790673080125 0.01765140505726772 -0.011286126698306226 0.012133637742750666 -0.01764972552632723 -0.020040761141423804 0.024265151623690816 0.006925700540956892 -0.003520365385177319 0.017389069994043264 -0.024931151392339701
leaf_weight=232.23146194219589 573.07166856527328 308.15857782959938 82.199923366308212 101.15509685873985 814.94394078850746 303.76800441741943 571.20356860756874 69.181460738182068 92.781873673200607 60.742772072553635 271.72529357671738 301.21687394380569 39.572389125823975 115.90224379301071
leaf_count=710 1681 888 240 297 2520 942 1732 206 280 183 839 902 120 325
internal_value=0.000591358 -0.00908535 -0.00424992 0.00446256 0.00666069 0.00846953 0.00221716 0.00875442 0.0144705 -0.00194206 -0.00241954 -0.00891897 -0.00690519 -0.00845541
internal_weight=3937.86 1118.9 810.746 2818.95 2144.85 1912.62 944.153 640.385 968.469 153.525 674.097 402.372 728.546 688.974
internal_count=11865 3254 2366 8611 6573 5863 2880 1938 2983 463 2038 1199 2126 2006
is_linear=0
shrinkage=0.05


Tree=22
num_leaves=15
num_cat=0
split_feature=6 6 2 7 6 15 6 15 2 2 9 9 9 2
split_gain=240.367 44.7233 45.831 34.0541 25.097 34.7878 20.2618 20.9237 20.0631 20.3506 17.4512 21.1875 15.0102 12.2562
threshold=0.0063325061002017236 0.015788542305304673 0.98379323916532624 0.0093505780770529821 0.012725157716531529 0.90610985671108779 0.0084864647789067264 1.1074002436786137 1.0574934433729202 1.0446185444377223 16.208327187725217 44.372962431125956 32.760586838472683 1.0584573606244869
decision_type=2 2 2 2 2 2 2 2 2 2 2 2 2 2
left_child=3 2 4 -1 5 -2 8 12 9 -4 -5 13 -8 -12
right_child=1 -3 6 10 -6 -7 7 -9 -10 -11 11 -13 -14 -15
leaf_value=-0.031705175174791836 -0.028417329642949015 0.036598321311681697 0.0078611101847387323 0.0063545288879849789 0.020470283459389085 0.00027563157946038661 0.042957126391476912 0.0074142765942301252 0.026905592055670891 -0.021136352115881413 -0.018478833495267157 -0.0028419263330033097 0.019739529985967348 0.0054395552901315798
leaf_weight=254.60424967110157 131.89939492940903 149.60632646083832 618.13527357578278 116.90780919790268 103.38128113746643 476.86266529560089 127.40673857927322 189.0022654235363 125.1746084690094 64.022362470626831 927.97778019309044 370.89807319641113 212.02968767285347 50.939094364643097
leaf_count=951 435 359 1776 347 278 1403 321 521 328 198 3087 1147 561 153
internal_value=-0.000702144 0.0102335 0.00823704 -0.0147022 -0.00191263 -0.00589112 0.013699 0.0213973 0.00852701 0.00497616 -0.0116605 -0.0132834 0.0288744 -0.0171492
internal_weight=3918.85 2197.52 2047.91 1721.33 712.143 608.762 1335.77 528.439 807.332 682.158 1466.72 1349.81 339.436 978.917
internal_count=11865 6180 5821 5685 2116 1838 3705 1403 2302 1974 4734 4387 882 3240
is_linear=0
shrinkage=0.05


Tree=23
num_leaves=15
num_cat=0
split_feature=6 15 2 14 11 4 14 2 14 2 14 14 15 15
split_gain=112.794 37.6836 28.9278 35.96 23.0576 22.9968 22.5808 21.7521 20.1445 36.9289 29.4158 44.0529 16.4394 15.0919
threshold=0.0059778395963925738 0.94695996328379028 1.0073749406423875 34.875439462255379 0.30397404256598243 198.52764768970911 55.03352408766829 1.0538566913025769 67.109981515963511 1.045478029459904 54.299379450893632 47.305086920072917 0.95925552511633982 0.83407525360780221
decision_type=2 2 2 2 2 2 2 2 2 2 2 2 2 2
left_child=4 2 3 5 -1 13 -3 -8 10 -10 11 -6 -13 -2
right_child=1 6 -4 -5 8 -7 7 -9 9 -11 -12 12 -14 -15
leaf_value=-0.010320558566359109 0.029820299358766102 -0.016880382569264104 -0.022614030414719096 0.021571361024228991 0.019667203650767386 -0.032116998173582829 9.8349909883954696e-05 -0.016848210003244303 -0.0065515315607807025 0.031402177569825315 0.027603037129168631 -0.031564938791491658 0.00035463928316712768 -0.003421449789175645
leaf_weight=122.86189615726471 40.350769966840744 821.89697268605232 86.666607260704041 253.75272318720818 471.82528010010719 57.299765527248383 595.03242594003677 269.94958916306496 294.21251505613327 79.531015753746033 335.4622511267662 43.828577876091003 301.42348286509514 163.72574046254158
leaf_count=347 125 2433 258 780 1467 157 1787 768 892 253 1052 136 915 495
internal_value=8.83633e-05 -0.00707331 0.00356608 0.00818615 0.0100693 -0.00458902 -0.0109131 -0.00513061 0.011771 0.00144941 0.0150448 0.00974248 -0.00363992 0.00301291
internal_weight=3937.82 2288.67 601.796 515.129 1649.15 261.376 1686.88 864.982 1526.28 373.744 1152.54 817.077 345.252 204.077
internal_count=11865 6803 1815 1557 5062 777 4988 2555 4715 1145 3570 2518 1051 620
is_linear=0
shrinkage=0.05


Tree=24
num_leaves=15
num_cat=0
split_feature=6 9 14 2 14 14 4 6 14 15 7 7 2 6
split_gain=53.31 18.5284 20.8374 29.8867 25.2737 22.0569 23.0724 17.6345 15.7383 18.4339 14.2614 13.0814 12.0285 16.8456
threshold=0.008064423083953413 66.175368753203358 33.261410325804668 0.98906306441407976 55.226805725499993 70.542890286418626 -32.666258290575342 0.016342860533032164 77.104751680173806 1.2185306669718938 0.022588249709071445 0.049223551557432042 0.96776518813318346 0.012725157716531529
decision_type=2 2 2 2 2 2 2 2 2 2 2 2 2 2
left_child=1 2 -1 4 -4 10 -7 8 9 12 -5 -10 13 -2
right_child=7 -3 3 5 -6 6 -8 -9 11 -11 -12 -13 -14 -15
leaf_value=-0.0099273422561044506 0.0088713278862314945 -0.01553458148041946 0.022020673898687882 0.00368631299238786 -0.006777430017654882 0 0.022429459950783857 -0.027058027695409683 -0.034056170823873959 0.029970996747312448 -0.0066806132129056039 0.00020837593062923493 -0.010117339143899713 -0.016109569656069366
leaf_weight=220.32537445425987 235.51062536239624 115.96589890122414 414.3566811978817 932.94769495725632 87.731454581022263 206.47270131111145 257.81458839774132 120.93017554283142 85.913899809122086 34.66429004073143 512.19048970937729 34.465415328741074 602.80349180102348 91.490486413240433
leaf_count=689 719 347 1279 2862 262 613 795 346 252 107 1528 103 1728 264
internal_value=-0.000111093 0.00371569 0.00460353 0.00596933 0.016833 0.00305885 0.0125145 -0.00888562 -0.00674483 -0.00449491 0 -0.0237901 -0.00592191 0.00159861
internal_weight=3953.58 2747.8 2631.84 2411.51 502.088 1909.43 464.287 1205.78 1084.85 964.469 1445.14 120.379 929.805 327.001
internal_count=11894 8375 8028 7339 1541 5798 1408 3519 3173 2818 4390 355 2711 983
is_linear=0
shrinkage=0.05


Tree=25
num_leaves=15
num_cat=0
split_feature=6 6 15 9 6 7 9 15 15 12 14 15 14 6
split_gain=236.829 47.1525 42.2869 31.3531 22.6217 19.4176 18.586 17.641 17.9502 13.1702 12.3281 12.2002 11.7891 10.3008
threshold=0.0062214158488863103 0.013122009081761929 0.91643615054385774 48.785210877142177 0.0084864647789067264 0.0087326447109402922 16.665951369207509 1.1051157296973233 1.0418325734798162 -0.5 82.125246880901685 0.97934284694110885 61.516029769758369 0.020378494828289323
decision_type=2 2 2 2 2 2 2 2 2 2 2 2 2 2
left_child=3 2 -2 5 9 -1 -7 8 -6 -4 -9 -5 -11 -3
right_child=1 13 4 11 7 6 -8 10 -10 12 -12 -13 -14 -15
leaf_value=-0.032189894897367816 -0.011914085136937433 0.024072507136732976 0.012784310370210201 -0.017810506200093831 0.017071193872507492 0.0025274845815814384 -0.017079212292559792 -0.0022742982398459852 0.04145638315765289 -0.003610470171433169 0.029460421309932379 0.006536603724821094 0.010340717452048613 0.052446090238065901
leaf_weight=199.89259716868401 238.98377642035484 266.65266191959381 401.70717659592628 64.968423262238503 386.05062389373779 128.84847036004066 1037.4340984076262 147.34434649348259 103.26530981063843 428.1005274951458 35.617074429988861 216.83901499211788 229.51497489213943 44.025203675031662
leaf_count=771 752 678 1130 215 1044 391 3479 420 253 1271 91 654 648 97
internal_value=6.00212e-05 0.0105087 0.00758556 -0.0143536 0.0103307 -0.0174838 -0.0148483 0.0175476 0.0225179 0.00565547 0.00374976 0.000573355 0.00116153 0.0286428
internal_weight=3929.24 2281.26 1970.58 1647.98 1731.6 1366.18 1166.28 672.277 489.316 1059.32 182.961 281.807 657.616 310.678
internal_count=11894 6384 5609 5510 4857 4641 3870 1808 1297 3049 511 869 1919 775
is_linear=0
shrinkage=0.05


Tree=26
num_leaves=15
num_cat=0
split_feature=6 1 11 4 6 9 1 6 11 4 4 11 9 9
split_gain=107.795 22.8662 18.0029 17.4589 15.2315 14.3885 11.6267 16.003 11.3293 10.6885 9.78568 9.28583 8.97263 7.22059
threshold=0.0060290851818428238 0.99705097973713452 0.9439552109648236 11.066734913187185 0.0031164609017153406 63.246312138939935 1.0037617226560729 0.0099639227497048937 0.29371604116701883 151.43374946043855 -10.726704742453107 0.30868232660810846 27.820377982696098 44.372962431125956
decision_type=2 2 2 2 2 2 2 2 2 2 2 2 2 2
left_child=1 3 6 -1 10 8 11 -8 -6 -10 12 -2 -3 -13
right_child=2 4 -4 -5 5 -7 7 -9 9 -11 -12 13 -14 -15
leaf_value=0.0045472960919600803 -0.018492585406196707 0.020561761818234936 -0.001144442122748502 -0.020863702580803323 -0.011262987493353709 0.037103112911581339 -0.010428705685977835 -0.029035354831401017 0.011743302304439363 -0.0075635830231441234 0.016758855521952203 0.00010900161831758212 0.060524712825447302 -0.010219578130497236
leaf_weight=361.30050402879715 134.24574992060661 43.261611253023148 833.00547322630882 81.012625843286514 62.192462623119354 46.559787005186081 440.89351117610931 169.82312634587288 806.16564375162125 72.453777253627777 185.68431180715561 412.15813332796097 32.499283879995346 269.44502779841423
leaf_count=1104 377 133 2517 233 176 143 1302 487 2495 216 569 1237 105 800
internal_value=3.25043e-05 0.00959188 -0.00709101 -1.10638e-05 0.0130476 0.0100378 -0.0105044 -0.015803 0.00854295 0.0100525 0.0239674 -0.00641738 0.039785 -0.00388224
internal_weight=3950.7 1691.13 2259.57 442.313 1248.82 987.372 1426.57 610.717 940.812 878.619 261.445 815.849 75.7609 681.603
internal_count=11894 5174 6720 1337 3837 3030 4203 1789 2887 2711 807 2414 238 2037
is_linear=0
shrinkage=0.05


Tree=27
num_leaves=15
num_cat=0
split_feature=7 2 9 14 2 7 14 14 2 14 4 9 7 4
split_gain=44.6408 27.0891 23.8166 24.4926 18.6587 17.6547 15.7086 15.6996 14.3954 14.8268 14.2869 12.5133 12.0006 11.3339
threshold=0.019584497197051468 0.98379323916532624 18.565091196096787 78.728680944859718 1.0173962318504068 0.051771977045211422 35.403793685964388 59.989813794494538 0.93542650886305945 43.234501835024439 -27.357204210740203 46.194940311652481 0.017825438553445223 342.44559943450218
decision_type=2 2 2 2 2 2 2 2 2 2 2 2 2 2
left_child=2 5 12 4 6 -2 -4 -8 -7 11 -6 -10 -1 -3
right_child=1 13 3 -5 10 8 7 -9 9 -11 -12 -13 -14 -15
leaf_value=-0.010358997571817616 0.007996960163241933 -0.0083981221720370557 -0.0050031116985980832 0.035133513245240375 -0.012102558580812004 -0.022280516369810509 0.020238458351208435 0.0026159040111532494 0 -0.011729618720976019 0.0090129733196440236 0.04186109846840181 0.019539503966215038 0.017824626714162645
leaf_weight=233.15938425064087 598.0474169254303 1571.9122673422098 104.81777012348175 91.621645331382751 166.57519814372063 99.742695763707161 462.25843787193298 188.75864481925964 34.407243728637695 81.860488772392273 148.23879456520081 30.683268338441849 35.876284778118134 38.722724169492722
leaf_count=712 1795 4655 338 277 507 300 1434 570 104 232 459 101 111 114
internal_value=0.000184932 -0.00388567 0.00721597 0.0103401 0.00808687 0.00329911 0.0123516 0.0152674 -0.00776081 0.00175773 -0.00192887 0.0196819 -0.00598051 -0.00769985
internal_weight=3886.68 2455.38 1431.31 1162.27 1070.65 844.741 755.835 651.017 246.694 146.951 314.814 65.0905 269.036 1610.63
internal_count=11709 7301 4408 3585 3308 2532 2342 2004 737 437 966 205 823 4769
is_linear=0
shrinkage=0.05


Tree=28
num_leaves=15
num_cat=0
split_feature=6 13 15 9 6 9 1 6 8 6 15 6 0 15
split_gain=215.764 48.0266 29.8579 27.5227 25.3376 22.8966 22.2066 19.0792 16.7776 16.0507 11.5374 10.8665 10.6015 10.032
threshold=0.0068089926641171361 -0.12940952255126037 0.85186041912609389 43.965414765377425 0.014776170264082121 16.208327187725217 0.9969341430000157 0.0055404282217381409 0.12439299520841006 0.0089801390154892 1.0099435144327475 0.0055093034494287157 1.0026264191155507 0.94609207394458616
decision_type=2 2 2 2 2 2 2 2 2 2 2 2 2 2
left_child=3 4 -3 5 13 12 -5 -7 -4 -10 11 -8 -1 -2
right_child=1 2 8 6 -6 7 10 -9 9 -11 -12 -13 -14 -15
leaf_value=0.0071727230326791005 -0.012359898911227745 -0.023167843194441484 0.0014189960397800504 0.011830596851769267 0.030917108063724819 -0.022266278474878547 -0.032134077371551467 -0.008781814226860819 0.014060513176504636 0.026836871161895488 -0.0014297954492329553 -0.00029709841851105327 -0.02447131146761674 0.0015862180352856109
leaf_weight=143.29959116876125 178.66522273421288 40.761430531740189 133.61132994294167 182.88747979700565 60.738509744405746 851.66236113011837 82.041113495826721 415.96082410216331 515.37188470363617 563.64796286821365 184.10102251172066 46.523123651742935 30.090324833989143 426.59810081124306
leaf_count=443 566 131 390 538 146 3010 288 1319 1411 1425 574 142 101 1225
internal_value=-0.000303833 0.0115505 0.0173105 -0.0120915 0.00057865 -0.0155899 -0.00174606 -0.0179213 0.0187688 0.0208412 -0.00995053 -0.0213688 0.00103713 -0.00243412
internal_weight=3855.96 1919.39 1253.39 1936.57 666.002 1441.01 495.553 1267.62 1212.63 1079.02 312.665 128.564 173.39 605.263
internal_count=11709 5294 3357 6415 1937 4873 1542 4329 3226 2836 1004 430 544 1791
is_linear=0
shrinkage=0.05


Tree=29
num_leaves=15
num_cat=0
split_feature=6 11 2 7 2 1 1 6 7 13 9 12 9 12
split_gain=85.6828 25.098 23.3426 17.4761 22.3557 15.1738 14.1445 14.2688 11.9459 12.0732 11.9416 11.4465 10.3423 9.35449
threshold=0.0060541715784670266 0.31392980170878726 1.0500907336463932 0.080966134290071781 0.93821283740068129 1.0004362616600093 0.99879897532635042 0.0031164609017153406 0.042215224385554861 0.25881904510252057 18.792967430240896 0.78656609248549325 66.944253256332146 -0.25881904510252113
decision_type=2 2 2 2 2 2 2 2 2 2 2 2 2 2
left_child=1 -1 6 4 -2 -4 13 -8 10 12 -6 -12 -10 -3
right_child=3 2 5 -5 8 -7 7 -9 9 -11 11 -13 -14 -15
leaf_value=-0.011998404173555986 0.01602422826842274 0.01020024018629963 0.05779897887181841 -0.022549799139541783 -0.015711863111640672 0.017604058900293824 0.024422776652013825 0.0087735653062112375 -0.0088710117302896584 -0.019868508403739805 -0.0041273212270067777 0.0089012491963607141 0.017795652508344993 -0.0030950897467809826
leaf_weight=131.82944557070732 114.11667269468307 211.79417857527733 38.003868699073792 156.5553712695837 180.24170011281967 85.956354469060898 196.40291205048561 694.73350065946579 250.22794508934021 284.98195838928223 964.25171476602554 199.88533475995064 39.140881538391113 333.87968918681145
leaf_count=373 355 642 122 460 529 261 606 2139 757 825 2878 622 125 1015
internal_value=9.73309e-05 0.00855918 0.0103567 -0.00641204 -0.00511143 0.0312446 0.00846155 0.0123535 -0.0064229 -0.012505 -0.00375404 -0.00181454 -0.0049092 0.00194673
internal_weight=3882 1692.6 1560.77 2189.4 2032.85 123.96 1436.81 891.136 1918.73 574.351 1344.38 1164.14 289.369 545.674
internal_count=11709 5158 4785 6551 6091 383 4402 2745 5736 1707 4029 3500 882 1657
is_linear=0
shrinkage=0.05


Tree=30
num_leaves=15
num_cat=0
split_feature=7 14 15 14 15 14 14 4 7 9 14 15 7 7
split_gain=40.4843 22.3389 20.3918 20.9543 20.1681 18.6368 18.0607 19.5904 16.4676 15.8757 15.7422 13.0307 12.028 15.9663
threshold=0.020276131948635961 33.261410325804668 0.9941012908520418 46.847765195520061 0.98016100961396402 38.275117770290372 78.728680944859718 78.164429151043876 0.014183073208047754 21.613766806493306 58.109302711476367 1.0099435144327475 0.054199500959497326 0.097696535793654199
decision_type=2 2 2 2 2 2 2 2 2 2 2 2 2 2
left_child=1 -1 3 4 5 -3 7 11 -5 -8 12 -4 -2 -14
right_child=10 2 6 8 -6 -7 9 -9 -10 -11 -12 -13 13 -15
leaf_value=-0.014298584852553038 0.0011688633484475634 0.018910112968983209 -0.017389516941540346 0.04606382897449901 0.040131992076830124 -0.013855822377091126 -0.0037999392196413117 0.024571395615420454 0.013630373851025949 0.034134918888920444 -0.009837840151659746 0.0016808999397368127 -0.013718740187379548 0.014519833204477967
leaf_weight=115.24882984161377 1223.8147806078196 71.83010259270668 100.77992504835129 89.118996620178223 35.351097136735916 103.16929817199707 35.157069146633148 82.32758641242981 87.750180572271347 83.883175611495972 793.53484147787094 676.32571136951447 307.68698410689831 55.556465551257133
leaf_count=373 3661 219 318 276 105 331 105 243 261 251 2367 2064 901 168
internal_value=-2.81969e-05 0.00643815 0.00826128 0.0180066 0.00677136 0 0.00429932 0.00165416 0.0307242 0.022434 -0.00408435 -0.000734298 -0.00115162 -0.00913858
internal_weight=3861.54 1480.94 1365.69 387.22 210.35 174.999 978.473 859.433 176.869 119.04 2380.59 777.106 1587.06 363.243
internal_count=11643 4546 4173 1192 655 550 2981 2625 537 356 7097 2382 4730 1069
is_linear=0
shrinkage=0.05


Tree=31
num_leaves=15
num_cat=0
split_feature=6 11 2 6 11 6 6 2 11 14 14 5 12 12
split_gain=182.776 106.134 35.5386 27.8217 25.8653 26.1636 22.4555 19.8917 17.4081 13.3381 13.281 13.1963 12.9653 12.4159
threshold=0.0068089926641171361 0.30397404256598243 0.97776817929632742 0.0044063108492232881 0.34689277188151063 0.012725157716531529 0.0097129408279289439 1.0602890866217689 0.4945021335190794 63.039597302105797 76.384163029862222 31.427473284420667 0.12940952255126045 -0.60355339059327362
decision_type=2 2 2 2 2 2 2 2 2 2 2 2 2 2
left_child=1 12 4 -3 -2 -6 7 -4 -5 -9 -11 -7 -1 -10
right_child=2 3 6 8 5 11 -8 9 13 10 -12 -13 -14 -15
leaf_value=0.00062650960900023363 0.024411237767519564 -0.023230958640492527 0.0074964807895798249 0.0024048678790111735 -0.010222621047120396 -0.0048887436425736827 0.025586107036890168 0.0033004526914384999 -0.0036715059223754532 0.05569375867124824 0.014475586261229099 0.024846781310818942 0.03543310905305954 -0.01709512607526904
leaf_weight=40.104277461767197 96.764152884483337 649.61111518740654 769.01799723505974 218.16622886061668 395.18573999404907 52.684186190366745 382.07275491952896 43.857944965362549 264.67822548747063 52.697561919689178 42.658811777830124 98.062031894922256 119.58804714679718 602.04366359114647
leaf_count=113 244 2392 2157 662 1226 151 953 119 838 119 113 245 302 2009
internal_value=-0.000289418 -0.0113405 0.0105016 -0.014966 0.000767119 -0.00336063 0.0152835 0.0108204 -0.0099144 0.0282842 0.0387009 0.0140356 0.0272717 -0.0131001
internal_weight=3827.19 1894.19 1933 1734.5 642.696 545.932 1290.31 908.232 1084.89 139.214 95.3564 150.746 159.692 866.722
internal_count=11643 6316 5327 5901 1866 1622 3461 2508 3509 351 232 396 415 2847
is_linear=0
shrinkage=0.05


Tree=32
num_leaves=15
num_cat=0
split_feature=11 4 15 0 2 12 11 1 15 15 15 1 8 11
split_gain=35.4245 21.3398 20.6822 12.8086 9.97905 8.24566 8.05873 8.84672 7.11628 6.81823 6.69321 6.45439 6.00265 5.72622
threshold=0.4204620492250693 270.7445198689087 0.89077869291014722 0.99057421416812053 0.98661019433020547 -0.91597561503675329 0.26360853368788245 1.0147106017722585 0.95279597487515022 0.83407525360780221 0.87764815755899084 1.0113443796120849 0.45121828333590258 1.3129604254709839
decision_type=2 2 2 2 2 2 2 2 2 2 2 2 2 2
left_child=6 2 4 8 9 12 -1 -8 -4 -2 -11 -7 -5 -3
right_child=1 13 3 5 -6 11 7 -9 -10 10 -12 -13 -14 -15
leaf_value=-0.017782948948351338 0.031773037255257437 -0.026873583847877039 0.0036388587163800668 0.004578870087877664 0.043965551243270021 0.0060990967580167189 -0.0033480967989449524 -0.022597765316646999 -0.013097646045532669 -0.0014075529234670986 0.023462637426964469 -0.00073905897799547769 -0.0085516420858212268 -0.00033599754983826161
leaf_weight=206.20351713895798 36.52361723780632 71.442574858665466 84.871325790882111 134.24714037775993 35.1798055768013 1752.9064745903015 502.8540076315403 68.958019137382507 189.71695247292519 78.735074251890182 35.630115061998367 405.45550291240215 218.31686913967133 36.294307738542557
leaf_count=579 113 209 260 400 108 5380 1500 200 563 242 114 1224 641 110
internal_value=0.000334819 0.00276292 0.00358153 0.0024653 0.0196891 0.00360814 -0.0091617 -0.0058709 -0.00766456 0.0130374 0.00596624 0.00478031 -0.00334273 -0.0187861
internal_weight=3857.34 3079.32 2971.58 2785.51 186.069 2510.93 778.016 571.812 274.588 150.889 114.365 2158.36 352.564 107.737
internal_count=11643 9364 9045 8468 577 7645 2279 1700 823 469 356 6604 1041 319
is_linear=0
shrinkage=0.05


Tree=33
num_leaves=15
num_cat=0
split_feature=6 9 6 2 6 9 14 2 14 2 14 14 14 14
split_gain=37.7291 21.1412 15.1771 21.9699 16.042 14.8851 22.3577 22.4283 23.6041 14.6273 13.2794 12.4523 9.56884 15.6397
threshold=0.0082973471437434391 58.452484462577971 0.016342860533032164 0.96831443427842545 0.012725157716531529 24.000250088232061 79.085133819314493 0.98979436859832381 37.251500018042869 0.99134775973586853 29.589445006478694 33.175441847472527 53.852116121475184 59.292966593814405
decision_type=2 2 2 2 2 2 2 2 2 2 2 2 2 2
left_child=1 5 3 4 11 10 7 8 -7 -3 -1 -2 -12 -14
right_child=2 9 -4 -5 -6 6 -8 -9 -10 -11 12 -13 13 -15
leaf_value=-0.026567487303525834 0.029332827622599079 0.0084152705925989481 -0.025618521767233733 -0.010919220757031582 -0.012164208002767379 0 0.027381591164404202 0.0016933755821989774 0.022282822267189039 -0.017496959436254452 0.0075749248929115019 0.0037400576123418679 -0.023600747436279421 0.0004749748954264426
leaf_weight=46.624255061149597 70.046974897384644 70.39002799987793 106.40345284342766 655.93379221856594 94.522802501916885 177.18466880917549 126.52217903733253 1187.0426459014416 327.05231463909149 188.8413037955761 277.87912777066231 167.82348012924194 82.390880942344666 308.12193700671196
leaf_count=147 217 209 310 1914 278 550 382 3604 991 569 842 504 256 941
internal_value=0.000191203 0.00329466 -0.00764718 -0.00558882 0.00470813 0.00470858 0.00711701 0.0055262 0.0143587 -0.0101633 -0.00131259 0.0117709 0.000411216 -0.00450785
internal_weight=3886.78 2792.05 1094.73 988.327 332.393 2532.82 1817.8 1691.28 504.237 259.231 715.016 237.87 668.392 390.513
internal_count=11714 8491 3223 2913 999 7713 5527 5145 1541 778 2186 721 2039 1197
is_linear=0
shrinkage=0.05


Tree=34
num_leaves=15
num_cat=0
split_feature=7 13 7 9 8 7 8 13 14 7 9 12 4 12
split_gain=132.649 40.9749 31.8536 32.622 29.7463 21.2422 17.4733 18.7428 17.2274 16.3705 12.9369 13.4524 11.5265 9.84888
threshold=0.020572698400934977 -0.12940952255126037 0.0087326447109402922 16.208327187725217 0.023589335371911834 0.06606670326414843 0.23395969585069046 -0.5 66.913709441227937 0.078379015311596315 17.739675023370825 0.60355339059327384 46.206782009441646 -0.25881904510252113
decision_type=2 2 2 2 2 2 2 2 2 2 2 2 2 2
left_child=2 9 12 -4 -3 10 -5 -8 -9 13 -6 -12 -1 -2
right_child=1 4 3 6 5 -7 7 8 -10 -11 11 -13 -14 -15
leaf_value=-0.035912455517492954 0.0037263114255780788 -0.01659696915896719 0.012822141113411879 -0.026039584308988235 0.029801964074580287 0.028372665691355714 -0.018913403994335408 -0.0088886646993062545 0.011146234730052301 0.02387654121398829 0.013154022886703724 0.00084051947626619702 0 -0.0066024523648626834
leaf_weight=170.11356429755688 373.47338742017746 80.669584989547729 142.71308612823486 193.21408821642399 88.360126674175262 220.61425873637199 300.180807903409 366.63838841021061 147.18103320896626 60.740722864866257 773.93452605605125 329.78115040063858 27.956124916672707 574.68009215593338
leaf_count=700 1099 253 416 689 223 531 1062 1231 457 149 2106 938 103 1757
internal_value=0.000133358 0.00696303 -0.0124804 -0.00916458 0.0122195 0.0139392 -0.0123734 -0.00898182 -0.0029834 -0.000752147 0.0111621 0.00955085 -0.0310719 -0.00245578
internal_weight=3850.25 2502.25 1348 1149.93 1493.36 1412.69 1007.21 814 513.819 1008.89 1192.08 1103.72 198.07 948.153
internal_count=11714 7056 4658 3855 4051 3798 3439 2750 1688 3005 3267 3044 803 2856
is_linear=0
shrinkage=0.05


Tree=35
num_leaves=15
num_cat=0
split_feature=6 11 14 14 7 14 7 14 14 1 6 14 1 14
split_gain=85.6407 25.7721 18.7684 19.3162 17.0547 16.0414 12.9146 11.8435 13.3719 20.4658 14.5106 11.1261 13.9324 12.2855
threshold=0.0061424539961952513 0.44031517502221279 46.457343660462548 49.882994465830372 0.084101221459556813 67.109981515963511 0.0075727822280116644 24.18086453624878 35.403793685964388 0.99038312364791992 0.01067323427809755 47.305086920072917 1.0036437870640438 54.565607979603506
decision_type=2 2 2 2 2 2 2 2 2 2 2 2 2 2
left_child=1 -1 -3 -4 7 6 -5 -2 9 10 -9 12 -10 -13
right_child=4 2 3 5 -6 -7 -8 8 11 -11 -12 13 -14 -15
leaf_value=-0.0046105988199045883 0.01137674465608203 0.020186455500876187 -0.0093211104882940914 0.0379380697724159 -0.023961124058460889 0.0015841320269357956 0.012415741224625866 0.016872276460858909 0.0080030647395586459 -0.028796571515911869 -0.021161396298457018 -0.015846232056796181 -0.0081850556531788479 -0.0042323211194011693
leaf_weight=325.51878562569618 90.816086545586586 393.4153088927269 146.803003937006 59.100673913955688 140.10389935970306 357.14831185340881 454.16305071115494 55.789453566074371 303.41490000486374 153.1327440738678 42.272437632083893 336.18055096268654 231.70602160692215 792.3990224301815
leaf_count=945 271 1217 450 181 416 1086 1392 175 941 441 122 1013 694 2370
internal_value=-0.000343019 0.00788802 0.0108277 0.00710211 -0.0070387 0.00997302 0.015636 -0.00579658 -0.00666119 -0.0174929 0 -0.00496168 0.000849638 -0.00778012
internal_weight=3881.96 1736.15 1410.63 1017.22 2145.82 870.412 513.264 2005.71 1914.9 251.195 98.0619 1663.7 535.121 1128.58
internal_count=11714 5271 4326 3109 6443 2659 1573 6027 5756 738 297 5018 1635 3383
is_linear=0
shrinkage=0.05


Tree=36
num_leaves=15
num_cat=0
split_feature=11 2 8 14 14 9 9 14 14 14 2 14 2 12
split_gain=42.9703 28.9964 15.4042 15.571 20.879 11.4577 9.3044 9.26012 10.0428 8.81916 8.01842 7.6514 13.3068 5.99771
threshold=0.29905561337966874 1.0574934433729202 0.016315896260436523 37.974014203718269 38.275117770290372 71.178701392063275 52.576249031842941 61.516029769758369 73.309659434951172 56.920361726752084 0.9950414495100407 18.764799648634796 0.95679211891378435 1.0000000180025095e-35
decision_type=2 2 2 2 2 2 2 2 2 2 2 2 2 2
left_child=6 2 13 11 -5 -6 -1 9 -9 -3 -8 -4 -13 -2
right_child=1 7 3 4 5 -7 10 8 -10 -11 -12 12 -14 -15
leaf_value=-0.021229595897644116 0.0094124559537614918 -0.011389028911438686 -0.023840076390899755 0.039156117516119089 0.0042483743543340708 -0.017016124158919285 0.016424993740586934 -0.030543453841825635 -0.0082617521774347915 0.021235020902570508 -0.016305225143001898 0.010659370170689773 -0.007089194020464493 0.027524836672958797
leaf_weight=255.97753477096558 172.25674569606781 46.180998235940933 46.41105729341507 40.686058238148689 2286.8477347493172 61.93038809299469 33.659608393907547 90.178643316030502 146.5394231826067 33.494093358516693 37.21523579955101 134.72107723355293 438.05372142791748 76.443476438522339
leaf_count=724 521 142 137 124 6959 192 99 257 444 99 108 417 1326 240
internal_value=0.000454124 0.00206327 0.00348701 0.00246328 0.0043101 0.00364179 -0.0168175 -0.0122888 -0.017249 0.00159146 0 -0.00453389 -0.00276154 0.015454
internal_weight=3900.6 3573.74 3257.35 3008.65 2389.46 2348.78 326.852 316.393 236.718 79.6751 70.8748 619.186 572.775 248.7
internal_count=11789 10858 9916 9155 7275 7151 931 942 701 241 207 1880 1743 761
is_linear=0
shrinkage=0.05


Tree=37
num_leaves=15
num_cat=0
split_feature=6 11 13 2 6 11 12 12 6 6 11 2 2 2
split_gain=157.921 97.8205 39.8607 39.4268 31.8299 20.4972 17.1788 16.6404 15.7184 12.961 12.2968 11.0191 10.7205 8.98574
threshold=0.0066600903166684567 0.31392980170878726 -0.37940952255126015 1.0602890866217689 0.004375983427879847 0.29905561337966874 0.91597561503675362 1.0000000180025095e-35 0.01333093146600116 0.016342860533032164 0.44416942108049468 1.0783571034961283 0.97840874809257528 0.99168243607548157
decision_type=2 2 2 2 2 2 2 2 2 2 2 2 2 2
left_child=1 7 9 5 -3 -4 8 -1 -7 13 -6 -5 -8 -2
right_child=2 4 3 11 10 6 12 -9 -10 -11 -12 -13 -14 -15
leaf_value=-0.0024411798256782427 -0.011981199013964543 -0.024320962132036918 0.025770982360519053 0.045382644379673112 0.0033227952178842227 0.0070964809558780057 -0.023086699302879186 0.031982670228691785 0.0259895277183342 0.024114223818896583 -0.011942150014234888 0.018121139020887685 0.0026684178503346974 0.0010337582133503735
leaf_weight=41.509126126766205 233.08454895019531 613.68409943580627 177.50562250614166 108.778244972229 145.51773977279663 830.09310749173164 65.119809284806252 135.61049184203148 131.06464418768883 39.594649970531464 884.63195033371449 79.947658985853195 89.873288840055466 282.12436550855637
leaf_count=119 730 2337 435 248 439 2321 204 344 318 94 2942 197 252 809
internal_value=-0.000686461 -0.0113976 0.00885274 0.0131349 -0.0152337 0.00990605 0.00727433 0.0235593 0.00979925 -0.00246021 -0.00971092 0.0345385 -0.00783104 -0.00473286
internal_weight=3858.14 1820.95 2037.19 1482.38 1643.83 1293.66 1116.15 177.12 961.158 554.804 1030.15 188.726 154.993 515.209
internal_count=11789 6181 5608 3975 5718 3530 3095 463 2639 1633 3381 445 456 1539
is_linear=0
shrinkage=0.05


Tree=38
num_leaves=15
num_cat=0
split_feature=6 4 11 4 2 2 1 9 6 6 13 3 4 0
split_gain=71.4868 21.2885 19.7075 19.0313 14.8854 13.5971 12.5567 11.6114 9.60742 8.50692 8.24156 10.8482 7.82894 8.32517
threshold=0.0061424539961952513 96.450848766907853 0.38353494217762502 292.38093395872653 0.99605625151045818 0.95762562954707187 0.99763048413770072 61.222072615503414 0.015788542305304673 0.0046220347312772581 -0.12940952255126037 70.538118468711275 33.006244616437932 0.99057421416812053
decision_type=2 2 2 2 2 2 2 2 2 2 2 2 2 2
left_child=1 2 -1 5 -3 -2 12 -8 10 -6 11 -7 13 -4
right_child=3 4 6 -5 9 8 7 -9 -10 -11 -12 -13 -14 -15
leaf_value=-0.0040007131173761794 0.0045403077951535632 -0.023069101789111594 -0.013723770982740142 -0.026744031070577424 0.024783463083083407 -0.0040032817108695959 0.014066943694173252 0.04337653712544054 -0.026426271137605151 -0.0037137703954367978 -0.0085027293160598698 0.014057304536733775 -0.01723301135938585 0.0094390607327181023
leaf_weight=213.91659742593765 320.20086005330086 84.293297111988068 39.431759774684906 103.61845755577087 33.020594656467438 531.60041016340256 866.24928027391434 36.675648033618927 58.861443102359772 92.218722105026245 1037.1054836064577 95.762050285935402 33.658473044633865 347.41807109117508
leaf_count=623 996 246 121 312 104 1620 2650 114 164 274 3097 303 97 1068
internal_value=0.000205998 0.00773054 0.00978821 -0.00588244 -0.00696197 -0.00476286 0.0120763 0.0154336 -0.00653815 0.00348182 -0.00575896 -0.00109139 0.00465097 0.00682674
internal_weight=3894.03 1746.88 1537.35 2147.15 209.533 2043.53 1323.43 902.925 1723.33 125.239 1664.47 627.362 420.508 386.85
internal_count=11789 5297 4673 6492 624 6180 4050 2764 5184 378 5020 1923 1286 1189
is_linear=0
shrinkage=0.05


Tree=39
num_leaves=15
num_cat=0
split_feature=6 14 15 14 14 2 14 4 15 15 14 6 2 14
split_gain=37.628 16.8671 16.108 14.8694 14.4937 30.8149 18.3001 19.2715 21.9232 15.883 15.0322 13.6092 21.5415 12.2538
threshold=0.0082973471437434391 60.738746354914916 1.0690480175781767 51.926887015308445 34.875439462255379 0.98871449002823886 70.542890286418626 -32.666258290575342 1.068138292125651 1.1825132601260051 55.226805725499993 0.014776170264082121 0.96454707066890577 33.175441847472527
decision_type=2 2 2 2 2 2 2 2 2 2 2 2 2 2
left_child=4 2 11 -4 -1 10 -7 9 -9 -8 -6 12 13 -2
right_child=1 -3 3 -5 5 6 7 8 -10 -11 -12 -13 -14 -15
leaf_value=-0.0072936200827048922 0.021318635278450303 -0.019173179299828369 -0.0071634285960093264 0.028014417537263164 0.019028560227190794 -0.0014253998757810815 -0.0067590491816156666 0.046910069127365471 0.010760957872612229 0.027516082791305258 -0.002556190468325753 -0.024398446834182956 -0.012143467997038592 -0.001190415227173656
leaf_weight=304.9018172621727 90.454034775495529 261.54027210175991 47.92004106938839 65.77361536026001 423.19737985730171 1498.8923290073872 194.42167022824287 54.590041607618332 208.7356838285923 38.691959887742996 91.702023357152939 99.631053388118744 361.06363898515701 158.04704654216766
leaf_count=941 278 778 149 203 1281 4564 574 170 632 118 272 299 1042 472
internal_value=-0.000149142 -0.00807221 -0.00441511 0.0126717 0.00287988 0.00415026 0.00128924 0.00960883 0.0188348 -0.00056543 0.0150443 -0.00728775 -0.0042978 0.00680824
internal_weight=3899.56 1084.43 822.889 113.694 2815.13 2510.23 1995.33 496.439 263.326 233.114 514.899 709.196 609.565 248.501
internal_count=11773 3221 2443 352 8552 7611 6058 1494 802 692 1553 2091 1792 750
is_linear=0
shrinkage=0.05


Tree=40
num_leaves=15
num_cat=0
split_feature=6 11 15 6 9 6 11 13 15 15 3 8 15 11
split_gain=152.041 93.8836 30.2898 38.1311 25.0076 21.5278 19.5768 14.4556 14.3968 14.108 11.456 12.2174 11.4239 10.5091
threshold=0.0068089926641171361 0.36344617908496973 0.95496542312106636 0.012725157716531529 48.241497146922136 0.0042182689444730951 0.32207098174380899 -0.37940952255126015 0.97934284694110885 0.86509201109598488 51.672091062907846 0.80233164633718024 1.1051157296973233 0.28395036144434477
decision_type=2 2 2 2 2 2 2 2 2 2 2 2 2 2
left_child=1 13 3 6 5 -3 -2 12 -6 -8 -9 -12 -4 -1
right_child=2 4 7 -5 8 -7 9 10 -10 -11 11 -13 -14 -15
leaf_value=0.025947911458477569 0.021859550214268848 -0.026621409776225687 0.012344013314212976 0.022060365485512184 -0.019582466735101878 -0.012762691494932447 -0.032929226336895268 0.011299747501282854 0.004613999310002068 -0.006127436155242371 0.029431548446003611 0.012668230302154332 -0.0058538666074574256 0.0053496382707722036
leaf_weight=147.9648497402668 50.579343855381012 451.41230814158916 211.02889332175255 154.09049767255783 80.987537682056427 860.33629484474659 58.191231161355972 483.54625847935677 229.06388556957245 354.47673514485359 293.55124267935753 212.53511697053909 136.95969292521477 126.19838912785053
leaf_count=375 128 1791 587 386 277 2905 203 1296 711 1080 720 551 393 370
internal_value=6.16122e-05 -0.0100018 0.00985993 0.000567437 -0.0146017 -0.0176223 -0.00648468 0.0140854 -0.00155094 -0.0102283 0.0171968 0.0226168 0.00497496 0.0168454
internal_weight=3850.92 1895.96 1954.96 617.338 1621.8 1311.75 463.247 1337.62 310.051 412.668 989.633 506.086 347.989 274.163
internal_count=11773 6429 5344 1797 5684 4696 1411 3547 988 1283 2567 1271 980 745
is_linear=0
shrinkage=0.05


Tree=41
num_leaves=15
num_cat=0
split_feature=6 1 7 2 0 6 1 2 2 3 11 12 6 11
split_gain=59.3227 17.4334 14.1626 17.424 13.4424 12.1174 12.2635 12.0185 11.5733 10.4583 9.09218 7.8038 7.63412 7.23297
threshold=0.0060852653900837711 0.99656511653418867 0.041453980881882603 0.95595132628233481 0.99928619358266191 0.0031164609017153406 1.0053826905909931 1.0488986441416268 1.0512244043186978 77.630313018999217 0.63881217473710195 -0.70710678118654735 0.0086830134410952158 0.38686400906444152
decision_type=2 2 2 2 2 2 2 2 2 2 2 2 2 2
left_child=1 4 8 13 -1 -3 7 10 11 -5 -7 -2 -10 -4
right_child=2 5 3 9 -6 6 -8 -9 12 -11 -12 -13 -14 -15
leaf_value=0.0031811753818804427 -0.0066815554159308961 0.019474208419069328 -0.017676840195679871 -0.017804406613772767 -0.017534914442938986 -0.006423779238258257 0.014185698716677311 0.022765862379305585 -0.020304076016799212 -0.00011964295048058044 0.006152253153271176 0.0022429737677179579 0.0020063818106661069 0.0063428487257452988
leaf_weight=312.07612174749374 343.64616614580154 268.2512646317482 35.621457174420357 507.72566328942776 101.19568309187889 259.57783484458923 398.15402811765671 65.70621931552887 129.1849122941494 110.30509273707867 315.11393690109253 831.28756695985794 45.48583847284317 170.00788356363773
leaf_count=956 1020 815 106 1525 289 768 1202 199 373 346 967 2555 133 519
internal_value=6.91856e-05 0.0070212 -0.00540005 -0.0105828 -0.00177088 0.00985743 0.00726874 0.00282074 -0.00217055 -0.0147796 0.000339257 -0.000310478 -0.0141128 0.00169047
internal_weight=3893.34 1720.08 2173.26 823.66 413.272 1306.8 1038.55 640.398 1349.6 618.031 574.692 1174.93 174.671 205.629
internal_count=11773 5196 6577 2496 1245 3951 3136 1934 4081 1871 1735 3575 506 625
is_linear=0
shrinkage=0.05


Tree=42
num_leaves=15
num_cat=0
split_feature=6 1 2 0 6 2 6 2 2 15 15 15 15 2
split_gain=28.055 14.4562 15.4444 9.33268 8.61344 13.3916 18.0379 8.11366 8.41319 7.66024 21.4088 17.7412 16.5234 15.4776
threshold=0.0084460939798439803 1.0077383240858206 1.0574934433729202 1.004875040530703 0.015788542305304673 0.96952250864672107 0.012014050840278331 1.0438242673344569 1.0621735990649201 0.96933338114001855 0.9941012908520418 0.9568931858012677 1.0214069540277626 1.0070601396934469
decision_type=2 2 2 2 2 2 2 2 2 2 2 2 2 2
left_child=1 2 9 7 5 6 -2 -3 -9 11 -11 13 -12 -1
right_child=4 3 -4 -5 -6 -7 -8 8 -10 10 12 -13 -14 -15
leaf_value=0.0012716717251009418 0.011656061313975475 -0.014707209629164421 -0.014985963557943349 0.0013364164817564865 -0.020444460358224517 -0.010140250599115334 -0.013045523802761947 0.021014473069422245 -0.010644693352262855 0.020016585958709695 -0.0050636521288701039 -0.013774824558637176 0.0077270016224618588 0.027593202407305895
leaf_weight=368.48446378111839 199.76719465851784 248.71637478470802 97.072806566953659 346.04804083704948 116.45851296186447 592.13303478062153 113.1103123575449 35.596578806638718 43.122246891260147 260.52765119075775 342.06421014666557 161.6490073800087 897.77686762809753 65.517593443393707
leaf_count=1133 612 735 293 1069 357 1750 338 114 122 785 1029 491 2718 204
internal_value=-0.000372308 0.00214324 0.00412761 -0.00420061 -0.00749543 -0.00570503 0.00246171 -0.0102526 0.00290837 0.00506201 0.00696584 0.000133732 0.00413528 0.00552557
internal_weight=3888.04 2866.58 2193.09 673.483 1021.47 905.011 312.878 327.435 78.7188 2096.02 1500.37 595.651 1239.84 434.002
internal_count=11750 8693 6653 2040 3057 2700 950 971 236 6360 4532 1828 3747 1337
is_linear=0
shrinkage=0.05


Tree=43
num_leaves=15
num_cat=0
split_feature=6 11 11 9 11 14 8 11 4 6 6 9 4 6
split_gain=122.966 82.1947 31.0198 22.1049 16.9378 14.2767 13.7498 16.7406 14.1728 13.4359 12.9086 12.4167 11.8787 12.3228
threshold=0.0063562184915482494 0.44416942108049468 0.72169926764141368 56.029089451072245 0.29371604116701883 61.023298358266892 0.65000052426358679 0.25218976715665725 -152.81447619968591 0.0070790291031001358 0.0041856751386034237 18.565091196096787 238.87862034138513 0.010583360386876888
decision_type=2 2 2 2 2 2 2 2 2 2 2 2 2 2
left_child=1 4 6 10 -1 12 7 -2 -9 -8 -3 -10 13 -4
right_child=2 3 5 -5 -6 -7 9 8 11 -11 -12 -13 -14 -15
leaf_value=0.024466388283348336 0.029188156480003676 -0.025611008125737772 -0.0085852499050614612 0.0035619906543310495 0.0016560236287140808 0.010545047139377579 0 0.019656783096743929 0.022884898172939004 0.024098746945297234 -0.014134088011496191 -0.0014162843579405436 0.015791202855022127 0.0063873946630847991
leaf_weight=134.11601895093918 87.544154018163681 437.82563169300556 496.22541788220406 117.62075601518154 222.88306212425232 303.51273313164711 71.017360329627991 138.97100129723549 57.480296462774277 373.64146029949188 706.71400965750217 424.10437779128551 78.173149973154068 182.41386565566063
leaf_count=342 208 1763 1522 370 715 828 204 358 148 935 2451 1199 204 503
internal_value=-4.57885e-06 -0.0104879 0.00763406 -0.0164974 0.0105228 0.00137737 0.0133118 0.00875564 0.00566817 0.0203276 -0.0186268 0.00141178 -0.00221851 -0.00444357
internal_weight=3832.24 1619.16 2213.08 1262.16 356.999 1060.33 1152.76 708.1 620.556 444.659 1144.54 481.585 756.812 678.639
internal_count=11750 5641 6109 4584 1057 3057 3052 1913 1705 1139 4214 1347 2229 2025
is_linear=0
shrinkage=0.05


Tree=44
num_leaves=15
num_cat=0
split_feature=6 15 7 15 15 9 15 3 7 9 9 3 12 7
split_gain=55.1939 34.5986 14.5433 14.7114 12.5615 10.5354 17.2542 9.91295 12.2388 11.5847 10.7205 11.012 10.3314 8.5419
threshold=0.0060852653900837711 0.94695996328379028 0.084101221459556813 1.1779477034060288 0.83407525360780221 50.996799914012861 1.3364005828377474 64.686049233208777 0.0058194231041813621 22.398704114242335 47.180792901504908 62.726757580373032 -0.78656609248549303 0.04298971290891343
decision_type=2 2 2 2 2 2 2 2 2 2 2 2 2 2
left_child=7 4 3 -3 -2 6 -5 8 9 -1 11 -10 -12 -6
right_child=1 2 -4 5 13 -7 -8 -9 10 -11 12 -13 -14 -15
leaf_value=0.044779421972623051 0.029663965614676137 -0.0096465696516023353 -0.029701243752214154 0.0079925388266204912 0.0089376840365338051 0.026503488041659848 -0.026299880467119237 0.014667755591879012 0.0068305991173387053 0.0066329325438602002 0.016398670081306913 -0.016554292368024949 -0.012507662224828228 -0.0036776830275315263
leaf_weight=35.190306574106216 47.899606019258499 1276.839261457324 79.33554595708847 134.55143946409225 286.09271720051765 40.516933128237724 47.919793725013733 350.90940326452255 1039.4844767451286 57.143565684556961 34.466280490159988 49.30587238073349 159.98566901683807 239.46632109582424
leaf_count=109 145 3866 247 420 877 132 139 1056 3146 173 107 147 462 724
internal_value=0.000397014 -0.00492187 -0.00875737 -0.00756149 0.00550355 0.00402401 -0.000794118 0.00707013 0.00505905 0.0226075 0.0037048 0.00567445 -0.0068875 0.00305529
internal_weight=3879.11 2152.62 1579.16 1499.83 573.459 222.988 182.471 1726.49 1375.58 92.3339 1283.24 1088.79 194.452 525.559
internal_count=11750 6550 4804 4557 1746 691 559 5200 4144 282 3862 3293 569 1601
is_linear=0
shrinkage=0.05


Tree=45
num_leaves=15
num_cat=0
split_feature=11 6 9 9 2 15 6 2 6 15 6 15 15 4
split_gain=38.6254 38.0646 16.1138 15.9169 25.1162 17.2833 15.0277 11.964 13.0139 10.6663 10.3952 9.69353 8.18266 7.63542
threshold=0.33142073174798814 0.008064423083953413 66.944253256332146 22.746285741599923 0.98906306441407976 1.2718323219696683 0.016342860533032164 0.99134775973586853 0.012923405732459458 1.0670250740858047 0.0046837137053127682 1.0326013970407784 0.93315980528596121 -209.82372324129372
decision_type=2 2 2 2 2 2 2 2 2 2 2 2 2 2
left_child=-1 2 3 10 12 -6 7 9 13 11 -2 -3 -5 -9
right_child=1 6 -4 4 5 -7 -8 8 -10 -11 -12 -13 -14 -15
leaf_value=-0.013797258733926893 -0.008868264499171722 0.00096629472196124223 -0.01484209382366404 0.005898673168177538 0.0038515284331406118 0.037699006108537839 -0.025324391885675975 0.0074198170509867725 0.015514462108225831 0.021489960832802385 0.0047178834216646693 -0.026182979020254345 0.022325262229081533 -0.014885703948189326
leaf_weight=429.59347803890705 239.64114645123482 373.65094658732414 90.080169796943665 115.46786558628082 1267.4885822236538 37.597461611032486 91.584063082933426 36.844020575284958 41.537953317165375 56.630993098020554 331.09765374660492 33.718901365995407 357.68594387173653 371.09427528083324
leaf_count=1257 749 1124 277 358 3864 116 282 110 128 175 996 90 1079 1114
internal_value=0.00028125 0.00206605 0.00545548 0.00627774 0.00861134 0.00494019 -0.00607938 -0.00401686 -0.0098346 0.00147583 -0.000866751 -0.00121464 0.0185161 -0.0126618
internal_weight=3873.71 3444.12 2439.06 2348.98 1778.24 1305.09 1005.06 913.477 449.476 464.001 570.739 407.37 473.154 407.938
internal_count=11719 10462 7439 7162 5417 3980 3023 2741 1352 1389 1745 1214 1437 1224
is_linear=0
shrinkage=0.05


Tree=46
num_leaves=15
num_cat=0
split_feature=11 6 11 6 6 1 12 9 9 4 11 5 12 11
split_gain=112.592 118.025 24.0288 22.4219 19.9272 17.6506 11.5843 11.2171 13.1577 12.0154 10.5693 9.16892 8.61937 8.23539
threshold=0.30397404256598243 0.0068089926641171361 0.48325169958259268 0.015788542305304673 0.0031164609017153406 0.99836719654901007 0.25881904510252091 45.275112926225596 29.860934644685496 -121.88097086975307 0.90825547579476329 35.599292833971184 0.25881904510252091 0.19317507953180671
decision_type=2 2 2 2 2 2 2 2 2 2 2 2 2 2
left_child=13 2 -2 5 -4 6 -3 8 -6 -9 12 -5 -7 -1
right_child=1 3 4 11 7 10 -8 9 -10 -11 -12 -13 -14 -15
leaf_value=0.039623233601839725 -4.0204633578731692e-05 0.0026882397182319542 -0.032042160150235803 0.003569861799373835 -0.0099302585164902923 0.019210219303803861 -0.011100223649957022 0.019850142172237167 -0.022458782977556043 -0.0084150140644687621 0.0017007956147081259 0.033455950820138705 0.0060025119027806752 0.020382005564724429
leaf_weight=85.959067285060883 326.7997961640358 489.12829929590225 162.79015129804611 43.041708379983902 501.11962313950062 296.99963068962097 216.37730215489864 41.409301728010178 413.78550744056702 243.19869911670685 327.62347637116909 99.234656393527985 250.64324605464935 316.29486089944839
leaf_count=197 1061 1408 707 111 1781 761 650 122 1496 797 925 223 687 793
internal_value=-7.64234e-05 -0.00305035 -0.01245 0.0061244 -0.0153676 0.00433872 -0.00145408 -0.0129926 -0.015715 -0.00393105 0.00908614 0.0251094 0.0133457 0.0248549
internal_weight=3814.41 3412.15 1689.1 1723.05 1362.3 1580.77 705.506 1199.51 914.905 284.608 875.266 142.276 547.643 402.254
internal_count=11719 10729 5964 4765 4903 4431 2058 4196 3277 919 2373 334 1448 990
is_linear=0
shrinkage=0.05


Tree=47
num_leaves=15
num_cat=0
split_feature=4 14 14 14 15 14 3 8 15 3 4 8 4 15
split_gain=23.6673 16.0259 34.4451 29.7681 24.791 44.0269 17.154 14.6074 14.5688 13.8111 13.5683 12.4806 12.3735 10.7467
threshold=280.49232536891753 47.305086920072917 54.565607979603506 61.516029769758369 0.94695996328379028 38.195629542980733 75.089546484312848 0.85957550877242828 0.83407525360780221 38.809518340221508 104.6162822877685 0.24141874584169873 -64.8900100134925 1.004271358947427
decision_type=2 2 2 2 2 2 2 2 2 2 2 2 2 2
left_child=1 4 11 -4 5 8 -5 -8 -1 -6 -10 -3 -7 -11
right_child=-2 2 3 6 9 12 7 -9 10 13 -12 -13 -14 -15
leaf_value=0.028811228515269821 -0.022017601937902739 0 0.012787468385288742 -0.0040497786930905706 -0.013756375333928365 0.010186705083140356 -0.0039200676145473741 0.03568058100571276 0.0043757233478133681 -0.0020581872915927911 -0.018314520753716843 -0.01505958676138785 0.039063893129752524 0.011721123012713766
leaf_weight=44.587909042835236 118.44168882071972 194.30146531760693 457.65308599174023 1061.3482089787722 167.34329701960087 62.513505727052689 35.539056465029716 50.737562403082848 278.48379203677177 431.71105498075485 83.702305823564529 529.16370563209057 145.03104084730148 204.12380561232567
leaf_count=135 364 607 1413 3164 513 193 108 164 845 1304 242 1585 459 623
internal_value=-0.000187081 0.000494487 -0.00203416 0.00201025 0.00469854 0.0122514 -0.00223705 0.0187994 0.00244628 -0.00100128 -0.000733903 -0.0110924 0.0309041 0.00227072
internal_weight=3864.68 3746.24 2328.74 1605.28 1417.5 614.319 1147.62 86.2766 406.774 803.178 362.186 723.465 207.545 635.835
internal_count=11719 11355 7041 4849 4314 1874 3436 272 1222 2440 1087 2192 652 1927
is_linear=0
shrinkage=0.05


Tree=48
num_leaves=15
num_cat=0
split_feature=2 7 8 9 1 2 2 7 7 9 7 2 7 2
split_gain=22.248 18.0521 12.8498 10.338 15.6323 12.1688 16.9837 16.4261 10.0241 8.93968 16.987 16.7037 30.0881 10.2479
threshold=1.0574934433729202 0.02196163958603653 0.023589335371911834 36.09006284273098 1.010911452484365 0.99034201515983744 1.045478029459904 0.052283079969133152 0.03033475371745863 22.925194768762207 0.015342580767576931 0.99375111322755938 0.013118456157404824 1.0178237690501526
decision_type=2 2 2 2 2 2 2 2 2 2 2 2 2 2
left_child=1 9 -3 4 8 7 -7 -5 -4 11 13 -1 -13 -11
right_child=-2 2 3 5 -6 6 -8 -9 -10 10 -12 12 -14 -15
leaf_value=-0.012033164843081324 -0.011628428500938925 0.012564663977983496 -0.004931652088977459 0.012610773760971139 0.0049595544691780312 -0.0078729274300232913 0.018410466156393815 -0.0057943646563575375 -0.019109888575545655 0.017951837918287469 0.0010646663149795697 -0.0093781684233629776 0.020386749488460084 0.0020852648723523183
leaf_weight=178.93399927020073 345.81684897840023 145.16340786218643 287.4667743742466 330.54509827494621 181.69927923381329 508.95147430896759 66.632300823926926 182.80825723707676 249.85637505352497 428.9251988530159 473.50201657414436 150.56149968504906 184.14565047621727 148.62119010090828
leaf_count=544 1041 442 868 981 555 1532 214 555 751 1314 1426 464 561 461
internal_value=0.000409228 0.00161983 -0.00155576 -0.00274357 -0.00739149 0.00026461 -0.00464717 0.00591401 -0.01171 0.00562855 0.00826765 7.16558e-05 0.00679866 0.0140196
internal_weight=3863.63 3517.81 1953.12 1807.96 719.022 1088.94 575.584 513.353 537.323 1564.69 1051.05 513.641 334.707 577.546
internal_count=11709 10668 5898 5456 2174 3282 1746 1536 1619 4770 3201 1569 1025 1775
is_linear=0
shrinkage=0.05


Tree=49
num_leaves=15
num_cat=0
split_feature=11 7 15 2 11 7 7 8 7 2 2 3 15 15
split_gain=93.5056 83.9242 29.0438 27.2522 28.513 20.2081 18.3712 17.1049 15.52 14.8172 14.0253 13.1196 11.8812 18.2302
threshold=0.4945021335190794 0.020695815194912346 0.95279597487515022 1.0574934433729202 0.21613648941753066 0.075777267319036876 0.046147785978896232 0.43231725166081164 0.0091073338114288412 1.0446185444377223 0.94849430270043589 69.364448675217787 1.002311897029984 1.0204727382637391
decision_type=2 2 2 2 2 2 2 2 2 2 2 2 2 2
left_child=3 8 6 4 -1 10 -3 -8 -2 -6 -4 -12 -10 -14
right_child=1 2 5 -5 9 -7 7 -9 12 -11 11 -13 13 -15
leaf_value=0.033448150923404876 -0.032196602157952857 -0.018151323030539963 -0.026128757297147705 0.032939391484371298 0.0072217637202047387 0.027385573095354439 -0.010209294363980853 0.019664827116523828 -0.022459083350472191 -0.020160116634980983 0.0074567616581552396 -0.0051510923536688888 0.0083001735921548539 -0.014351242393953407
leaf_weight=102.67321613430977 155.31383438408375 262.89879335463047 36.636379987001419 131.10017849504948 876.88693232834339 93.328431457281113 112.71861706674099 79.320849567651749 296.94101206958294 49.170765802264214 827.39800238609314 265.86225390434265 108.02233092486858 400.73326225578785
leaf_count=239 699 877 116 313 2496 216 341 203 1103 150 2348 793 374 1441
internal_value=-0.0003733 -0.00559213 0.00111635 0.0114267 0.00855377 0.00516717 -0.00958619 0.00181903 -0.0173627 0.00564674 0.00322054 0.00431846 -0.0143376 -0.00938123
internal_weight=3799 2639.17 1678.16 1159.83 1028.73 1223.23 454.938 192.039 961.01 926.058 1129.9 1093.26 805.697 508.756
internal_count=11709 8511 4894 3198 2885 3473 1421 544 3617 2646 3257 3141 2918 1815
is_linear=0
shrinkage=0.05


Tree=50
num_leaves=15
num_cat=0
split_feature=6 7 11 9 1 0 13 1 7 9 9 3 1 9
split_gain=46.6847 14.7337 11.6736 11.5327 8.95529 9.88519 8.13188 9.40923 9.39672 9.2314 8.76147 8.58376 7.8654 8.37396
threshold=0.0060852653900837711 0.075777267319036876 0.4945021335190794 16.208327187725217 1.0051245871610013 0.99928619358266191 -0.70710678118654757 1.0036437870640438 0.059640845141438616 46.194940311652481 35.933518996139092 77.630313018999217 0.99816020419808382 34.350244275447814
decision_type=2 2 2 2 2 2 2 2 2 2 2 2 2 2
left_child=2 3 4 -2 5 -1 8 9 10 -8 -5 -9 13 -4
right_child=1 -3 12 6 -6 -7 7 11 -10 -11 -12 -13 -14 -15
leaf_value=0.0066033816918345603 -0.01875199485734276 -0.018619779570933564 0.0088722419513919074 0.010081626530194968 0.012786850079601429 -0.01139399433915274 0.0025431631074166773 -0.011330706815082761 0.0286678731747778 -0.0086564939877967293 -0.0056577876091892815 0.0060446657005714909 0.011184306631634245 -0.0051278938927154412
leaf_weight=110.65549355745316 118.1129752099514 181.0947872698307 238.23144668340683 154.75251245498657 87.008616268634796 214.36318051815033 589.64086715877056 535.95854122936726 32.689208954572678 262.85708826780319 197.18406787514687 74.663548722863197 874.35098493099213 183.99148920178413
leaf_count=330 350 557 721 487 260 620 1806 1626 106 806 605 232 2647 556
internal_value=-2.28139e-05 -0.00494838 0.00612114 -0.00363321 -0.00104629 -0.00503437 -0.002607 -0.0043308 0.00374482 -0.000834519 0.00106906 -0.00907092 0.00845468 0.00259922
internal_weight=3855.55 2146.95 1708.6 1965.86 412.027 325.019 1847.75 1463.12 384.626 852.498 351.937 610.622 1296.57 422.223
internal_count=11709 6575 5134 6018 1210 950 5668 4470 1198 2612 1092 1858 3924 1277
is_linear=0
shrinkage=0.05


Tree=51
num_leaves=15
num_cat=0
split_feature=11 2 5 14 9 9 4 14 14 15 8 1 14 4
split_gain=28.974 20.5887 15.2487 12.2029 11.0331 10.3356 9.15599 8.09682 8.90365 6.52008 6.35385 9.1333 6.28893 6.1437
threshold=0.33142073174798814 1.0567000986145401 46.631738869805368 18.764799648634796 46.42688063800211 61.732382959443605 52.334823629207087 61.516029769758369 73.309659434951172 1.0214069540277626 1.0000000180025095e-35 0.99230841708620843 55.226805725499993 18.301603135750572
decision_type=2 2 2 2 2 2 2 2 2 2 2 2 2 2
left_child=4 3 -3 -2 -1 10 -6 12 -9 -7 -5 -12 -4 -10
right_child=1 2 7 5 6 9 -8 8 13 -11 11 -13 -14 -15
leaf_value=-0.017450406768070258 -0.021448555573053849 -0.031735171932817961 -0.0031509489961532942 0.012694615783826991 -0.0092542776880900086 -0.0006037164196198094 0.018053640966626653 -0.023006659909739834 0.011575749695341152 -0.019350590841099444 -0.0023721968149360939 0.0049635365894660404 0.025493541685733818 -0.011703511960858164
leaf_weight=291.23301449418068 47.430416479706764 64.876115724444389 34.090601682662964 211.13496416807175 89.799083456397057 162.60554188489914 44.107971087098122 74.141090288758278 51.634698748588562 68.482382729649544 510.71856069564819 2172.0988206118345 32.078702479600906 57.664434939622879
leaf_count=867 143 194 108 638 267 492 136 217 160 216 1535 6609 98 179
internal_value=0.000249501 0.00177294 -0.0103367 0.00300275 -0.0120198 0.00341133 0 -0.00426894 -0.00986395 -0.00659944 0.00424061 0.0035384 0.00997615 -2.17574e-05
internal_weight=3912.1 3486.96 314.486 3172.47 425.14 3125.04 133.907 249.61 183.44 231.088 2893.95 2682.82 66.1693 109.299
internal_count=11859 10589 956 9633 1270 9490 403 762 556 708 8782 8144 206 339
is_linear=0
shrinkage=0.05


Tree=52
num_leaves=15
num_cat=0
split_feature=6 11 11 15 6 15 11 6 14 15 14 1 1 14
split_gain=112.303 50.0718 43.6754 30.4808 32.6452 24.0391 21.292 18.0499 17.5678 25.926 24.8368 17.1717 15.4762 13.9789
threshold=0.0055093034494287157 0.26887437229186611 0.36344617908496973 0.95087459206689917 0.0093096016423147715 1.0844716895262516 0.84682571724122913 0.01333093146600116 66.913709441227937 1.1825132601260051 40.570103597129851 0.997827413388921 1.0192727973559099 60.383878332543311
decision_type=2 2 2 2 2 2 2 2 2 2 2 2 2 2
left_child=1 -1 -2 7 8 -6 11 12 10 -10 -5 13 -4 -3
right_child=2 6 3 4 5 -7 -8 -9 9 -11 -12 -13 -14 -15
leaf_value=0.024689481403347896 0.019163090790443031 -0.0055658213679143208 -0.01454175939371038 0.014079639952780325 0.028256634706799285 0.0046388060645360376 -0.023534647075472159 0.011890259020534996 0.015772163626138883 -0.016483266986855174 -0.0076819709410499348 -0.014398216112345708 0.015801945732003209 0.025573456748137942
leaf_weight=77.770172506570816 468.5776586830616 99.747378334403038 432.52306123077869 163.2740053832531 236.10136172175407 214.51745796203613 515.87585416436195 93.88517752289772 334.98336969316006 72.576241374015808 611.46837106347084 422.44866873323917 42.561028391122818 52.087485775351524
leaf_count=193 1162 344 1419 468 575 561 2023 240 944 222 1860 1568 114 166
internal_value=-0.000322188 -0.0132597 0.00531367 0.00231767 0.00581519 0.0172492 -0.0160759 -0.00757393 0.00137216 0.00979271 -0.00297479 -0.00918716 -0.0116113 0.00482268
internal_weight=3838.4 1167.93 2670.47 2201.89 1632.92 450.619 1090.16 568.969 1182.3 407.56 774.742 574.284 475.084 151.835
internal_count=11859 4294 7565 6403 4630 1136 4101 1773 3494 1166 2328 2078 1533 510
is_linear=0
shrinkage=0.05


Tree=53
num_leaves=15
num_cat=0
split_feature=6 2 14 11 11 2 14 14 7 1 14 14 14 1
split_gain=44.7671 20.558 23.556 14.8791 14.0143 10.5779 16.4641 14.5272 13.7998 10.1739 8.52224 24.7863 9.17262 8.4361
threshold=0.0054204716455265329 1.0488986441416268 73.710093581209634 0.28395036144434477 0.54932997534285699 0.95342807207613667 39.575657966286997 29.589445006478694 0.080966134290071781 1.0013105997911385 47.305086920072917 54.474040774957956 44.836406424542453 0.9996320507978752
decision_type=2 2 2 2 2 2 2 2 2 2 2 2 2 2
left_child=1 2 3 -1 -2 6 7 -6 10 -3 12 -12 -7 -5
right_child=4 9 -4 13 5 8 -8 -9 -10 -11 11 -13 -14 -15
leaf_value=-0.014413737532161054 -0.0089832969201032193 0.050776183825037159 -0.015392658729587503 0.0035297619455405397 0.013997919694627194 1.0855929878669575e-05 0.024586738652114751 -0.018443249923815287 -0.029510688512820168 0.014654225926534821 -0.019534264277028944 0 0.017884022346899477 0.012817558829535614
leaf_weight=66.984602570533752 879.33744029700756 35.897030472755432 117.88264438509941 434.93735191226006 64.806626126170158 420.52387829124928 94.392885476350784 68.008336991071701 44.96345180273056 63.591643184423447 213.37037286162376 654.9353162497282 86.755033358931541 654.49552568793297
leaf_count=192 2679 114 354 1315 202 1277 299 204 147 190 650 1982 273 1981
internal_value=4.75958e-05 0.00732509 0.00551776 0.00773696 -0.00388163 -0.00110604 0.00878661 -0.00208454 -0.00275116 0.0291704 -0.00178046 -0.00481971 0.00327303 0.00919155
internal_weight=3900.88 1373.79 1274.3 1156.42 2527.09 1647.76 227.208 132.815 1420.55 99.4887 1375.58 868.306 507.279 1089.43
internal_count=11859 4146 3842 3488 7713 5034 705 406 4329 304 4182 2632 1550 3296
is_linear=0
shrinkage=0.05


end of trees

feature_importances:
rsi_14_1d=96
atr_14_pct=95
ma_200_ratio=86
ma_50_1d_ratio=85
bb_width=79
volume_ratio=77
adx_14=57
macd_hist=39
ma_30_ratio=36
hour_sin=25
rsi_14=20
bb_position=18
hour_cos=18
stoch_k=14
ma_10_ratio=11

parameters:
[boosting: gbdt]
[objective: multiclass]
[metric: multi_logloss]
[tree_learner: serial]
[device_type: cpu]
[data_sample_strategy: bagging]
[data: ]
[valid: ]
[num_iterations: 1000]
[learning_rate: 0.05]
[num_leaves: 15]
[num_threads: 12]
[seed: 0]
[deterministic: 0]
[force_col_wise: 0]
[force_row_wise: 0]
[histogram_pool_size: -1]
[max_depth: 6]
[min_data_in_leaf: 100]
[min_sum_hessian_in_leaf: 0.001]
[bagging_fraction: 0.7]
[pos_bagging_fraction: 1]
[neg_bagging_fraction: 1]
[bagging_freq: 1]
[bagging_seed: 3]
[bagging_by_query: 0]
[feature_fraction: 0.6]
[feature_fraction_bynode: 1]
[feature_fraction_seed: 2]
[extra_trees: 0]
[extra_seed: 6]
[early_stopping_round: 0]
[early_stopping_min_delta: 0]
[first_metric_only: 0]
[max_delta_step: 0]
[lambda_l1: 1.5]
[lambda_l2: 2]
[linear_lambda: 0]
[min_gain_to_split: 0]
[drop_rate: 0.1]
[max_drop: 50]
[skip_drop: 0.5]
[xgboost_dart_mode: 0]
[uniform_drop: 0]
[drop_seed: 4]
[top_rate: 0.2]
[other_rate: 0.1]
[min_data_per_group: 100]
[max_cat_threshold: 32]
[cat_l2: 10]
[cat_smooth: 10]
[max_cat_to_onehot: 4]
[top_k: 20]
[monotone_constraints: ]
[monotone_constraints_method: basic]
[monotone_penalty: 0]
[feature_contri: ]
[forcedsplits_filename: ]
[refit_decay_rate: 0.9]
[cegb_tradeoff: 1]
[cegb_penalty_split: 0]
[cegb_penalty_feature_lazy: ]
[cegb_penalty_feature_coupled: ]
[path_smooth: 0]
[interaction_constraints: ]
[verbosity: -1]
[saved_feature_importance_type: 0]
[use_quantized_grad: 0]
[num_grad_quant_bins: 4]
[quant_train_renew_leaf: 0]
[stochastic_rounding: 1]
[linear_tree: 0]
[max_bin: 255]
[max_bin_by_feature: ]
[min_data_in_bin: 3]
[bin_construct_sample_cnt: 200000]
[data_random_seed: 1]
[is_enable_sparse: 1]
[enable_bundle: 1]
[use_missing: 1]
[zero_as_missing: 0]
[feature_pre_filter: 1]
[pre_partition: 0]
[two_round: 0]
[header: 0]
[label_column: ]
[weight_column: ]
[group_column: ]
[ignore_column: ]
[categorical_feature: ]
[forcedbins_filename: ]
[precise_float_parser: 0]
[parser_config_file: ]
[objective_seed: 5]
[num_class: 3]
[is_unbalance: 0]
[scale_pos_weight: 1]
[sigmoid: 1]
[boost_from_average: 1]
[reg_sqrt: 0]
[alpha: 0.9]
[fair_c: 1]
[poisson_max_delta_step: 0.7]
[tweedie_variance_power: 1.5]
[lambdarank_truncation_level: 30]
[lambdarank_norm: 1]
[label_gain: ]
[lambdarank_position_bias_regularization: 0]
[eval_at: ]
[multi_error_top_k: 1]
[auc_mu_weights: ]
[num_machines: 1]
[local_listen_port: 12400]
[time_out: 120]
[machine_list_filename: ]
[machines: ]
[gpu_platform_id: -1]
[gpu_device_id: -1]
[gpu_use_dp: 0]
[num_gpu: 1]

end of parameters

pandas_categorical:[]
