tree
version=v4
num_class=3
num_tree_per_iteration=3
label_index=0
max_feature_idx=46
objective=multiclass num_class:3
feature_names=ma_10 ma_20 ma_50 ma_200 rsi_14 bb_mid bb_upper bb_lower volume_ma_20 atr_14 ma_30 ma_10_ratio ma_30_ratio ma_50_ratio ma_200_ratio macd macd_signal macd_hist bb_width bb_position atr_14_pct adx_14 stoch_k stoch_d obv obv_ma_20 return_1 return_5 return_10 return_20 log_return_1 high_low_ratio body_ratio volume_change volume_ratio hour_sin hour_cos dow_sin dow_cos rsi_14_4h ma_50_4h ma_50_4h_ratio atr_14_4h rsi_14_1d ma_50_1d ma_50_1d_ratio atr_14_1d
feature_infos=[51005.519999999997:123408] [51077.32:123408] [51116:122971] [51326.307999999997:120709.2035] [0:100] [51077.32:123408] [51116.000544600291:126579.42173662041] [44842.867057774369:123407.99812670785] [289.08020000000005:54860.415999999997] [68:3873.8999999999942] [51102.180000000008:123408] [0.90315983852170978:1.1692485826080012] [0.89672730393540612:1.1840934821284166] [0.88231095975916662:1.187107810549187] [0.83019041426406637:1.1957725339793239] [-3161.7529992237978:2721.9550718051105] [-2771.7995986401074:2386.1843209441304] [-1383.3655048697422:1191.482273293381] [0:0.36023417106375238] [-0.56213228931286818:1.5621322893130849] [0.00058745127606428071:0.03923286882774394] [0:100] [0:100] [0:100] [85133.893999999971:412456.51200000045] [91366.864899999971:412456.51200000045] [-0.10645472467282879:0.19165818921668376] [-0.10645472467282879:0.19165818921668376] [-0.10645472467282879:0.19165818921668376] [-0.10645472467282879:0.19165818921668376] [-0.11255827378375458:0.17534577350851546] [0.00057618808961263984:0.044689193778340242] [-0.98351449275361269:1] [-0.97225342334710885:18.632811423600572] [0.029164332771739018:10.163801545961006] [-1:1] [-1:1] [-0.97492791218182362:0.97492791218182362] [-0.90096886790241903:1] [0:100] [51323.484000000004:120679.21000000001] [0.82821527602041844:1.1918423912115435] [68:3748.7642857142805] [4.5273094444183641:99.10956700765621] [44641.858:116733.92800000001] [0.80194413051377045:1.4242078533838736] [567.16428571428537:3496.6857142857116]
tree_sizes=1884 1898 1904 1980 1975 1991 1978 1979 1983 1969 1959 1979 1976 1977 1990

Tree=0
num_leaves=17
num_cat=0
split_feature=8 7 23 23 23 21 10 39 9 16 9 44 44 10 42 9
split_gain=62.718 66.3931 52.5532 50.2655 39.5617 43.5782 41.8305 52.8993 39.6349 38.6297 37.5267 32.3533 35.8685 77.1094 74.7045 36.1723
threshold=2716.1608750000005 109088.6392567189 15.153218565477909 12.419738872633726 18.299279747498456 56.310464422252046 63778.150000000001 53.09215634909571 350.32499999999948 0.8341932360284402 365.0892857142847 104434.07800000002 61613.242000000006 66011.08166666668 853.77142857143463 441.27499999999736
decision_type=2 2 2 2 2 2 2 2 2 2 2 2 2 2 2 2
left_child=3 2 -2 -1 -5 6 -6 8 -8 -3 -9 12 13 -4 15 -14
right_child=1 9 11 4 5 -7 7 10 -10 -11 -12 -13 14 -15 -16 -17
leaf_value=-1.0874749511007278 -1.1091981646202769 -1.1000765160823007 -1.110074868031486 -1.1083592625121068 -1.1040897201820952 -1.1012084729888001 -1.0825808115497093 -1.1021448808019192 -1.0939163189740619 -1.0844832144764753 -1.0893166613655494 -1.1112917873668287 -1.0872149937306712 -1.0924853129005363 -1.1036720617717897 -1.0968373053690874
leaf_weight=161.19971767067909 204.40673431754112 69.403253614902496 207.01973342895508 73.589287593960762 89.134485110640526 305.6475083976984 166.42524269223213 169.27017852663994 152.45827224850655 96.710817992687225 88.738355398178101 66.69104129076004 134.33250088989735 91.742270544171333 381.09357522428036 394.35148251056671
leaf_count=442 728 218 655 242 284 916 400 503 400 268 264 195 356 256 1261 1155
internal_value=-1.09856 -1.10059 -1.10167 -1.09579 -1.09707 -1.09621 -1.09392 -1.09234 -1.08798 -1.09101 -1.09774 -1.10046 -1.09985 -1.10466 -1.09828 -1.09438
internal_weight=2852.21 1645.75 1479.64 1206.46 1045.26 971.674 666.027 576.892 318.884 166.114 258.009 1275.23 1208.54 298.762 909.778 528.684
internal_count=8543 5092 4606 3451 3009 2767 1851 1567 800 486 767 3878 3683 911 2772 1511
is_linear=0
shrinkage=1


Tree=1
num_leaves=17
num_cat=0
split_feature=18 9 8 23 32 17 32 29 6 14 14 17 20 37 38 43
split_gain=165.039 89.6606 48.8297 32.9162 43.5509 53.7387 38.3438 28.7289 28.044 26.7468 26.0222 23.4501 23.1646 21.8204 21.3425 18.7198
threshold=0.01675136033306851 667.3250000000013 5551.9711000000007 86.111008057341351 0.42487016423045804 18.776981173481001 -0.51659586529823953 -0.016227759714186604 65339.710033730793 0.9910103723037037 1.0490160886334434 -95.379165761965865 0.01374909733307852 1.0000000180025095e-35 -0.56174490092936669 57.302286586248208
decision_type=2 2 2 2 2 2 2 2 2 2 2 2 2 2 2 2
left_child=1 11 8 4 5 14 -7 -4 -2 13 15 -1 -9 -10 -3 -11
right_child=2 3 7 -5 -6 6 -8 12 9 10 -12 -13 -14 -15 -16 -17
leaf_value=-1.0941820698515148 -1.0874564329539522 -1.1072071665357253 -1.093168677137327 -1.1055638836100967 -1.0842086521159853 -1.0786468715433812 -1.0959223576702786 -1.0868844823450692 -1.0962724079957344 -1.1067422508834688 -1.0921753581809892 -1.1035324939003952 -1.0731501140300321 -1.0839554286146955 -1.0962836073855555 -1.0979310442972148
leaf_weight=71.531276702880859 98.487374514341354 96.939192801713943 105.58966678380966 67.088562369346619 98.177869975566864 55.888344615697861 80.898034602403641 93.193065047264099 92.298549622297287 115.43492674827576 94.19425430893898 1454.5470372140408 49.176087141036987 62.002573132514954 85.782963246107101 130.98486584424973
leaf_count=233 359 242 350 172 370 230 256 341 288 295 316 3968 218 237 272 396
internal_value=-1.0987 -1.10119 -1.09275 -1.0952 -1.09352 -1.0964 -1.08882 -1.08678 -1.09525 -1.09681 -1.09931 -1.10309 -1.08209 -1.09129 -1.10206 -1.10205
internal_weight=2852.21 2010.85 841.361 484.775 417.686 319.509 136.786 247.959 593.403 494.915 340.614 1526.08 142.369 154.301 182.722 246.42
internal_count=8543 5743 2800 1542 1370 1000 486 909 1891 1532 1007 4201 559 525 514 691
is_linear=0
shrinkage=1


Tree=2
num_leaves=17
num_cat=0
split_feature=9 25 32 45 13 46 25 18 25 13 23 14 18 46 18 20
split_gain=88.7022 60.4393 55.2326 62.2597 53.6136 44.5659 75.3967 84.8722 67.8143 64.2325 57.2545 45.3072 39.3419 36.6037 36.5107 57.7878
threshold=662.56785714285422 357949.25977500057 0.24051668069234042 1.1389966114966403 0.99224945515377627 1339.0821428571414 198320.51499999998 7.8000499172739132e-09 198320.51499999998 1.0069792099713466 33.923235285076011 0.98197483028418542 5.4005330016142726e-08 1739.0750000000005 0.0048557097209094438 0.01374909733307852
decision_type=2 2 2 2 2 2 2 2 2 2 2 2 2 2 2 2
left_child=1 4 3 14 -1 6 -6 -8 -7 10 13 -12 -4 -10 15 -2
right_child=2 -3 12 -5 5 8 7 -9 9 -11 11 -13 -14 -15 -16 -17
leaf_value=-1.1022792332382205 -1.1047108198501552 -1.1071300442437486 -1.1138509389484723 -1.0902175399332144 -1.1090863414443235 -1.0829828903105416 -1.0842362342675367 -1.1005022808410734 -1.0926071007877831 -1.1011110020289072 -1.0778382110855413 -1.0910091498059376 -1.1029791408991863 -1.106331165602694 -1.1074366686979347 -1.0877299881263287
leaf_weight=283.48649750649929 129.71077390015125 131.13798813521862 151.20372806489468 136.72050616145134 130.54077270627022 152.7143751680851 124.75018490850925 238.53205096721649 111.1781121045351 265.3629155009985 84.133014857769012 334.29465495049953 198.00421132147312 89.651012852787971 206.28135155141354 84.512306794524193
leaf_count=871 387 399 504 421 381 398 338 717 298 806 210 870 677 266 733 267
internal_value=-1.09858 -1.09666 -1.10271 -1.09958 -1.0959 -1.09471 -1.09866 -1.09492 -1.09283 -1.09454 -1.09171 -1.08834 -1.1077 -1.09872 -1.10264 -1.09802
internal_weight=2852.21 1945.78 906.433 557.225 1814.64 1531.16 493.823 363.282 1037.33 884.62 619.257 418.428 349.208 200.829 420.504 214.223
internal_count=8543 5554 2989 1808 5155 4284 1436 1055 2848 2450 1644 1080 1181 564 1387 654
is_linear=0
shrinkage=1


Tree=3
num_leaves=17
num_cat=0
split_feature=46 3 31 9 24 21 32 24 46 31 24 24 41 46 41 15
split_gain=78.2294 81.6605 62.7548 56.9556 47.5422 42.5689 44.154 49.511 43.4774 35.7455 33.8219 43.3907 50.5873 36.7775 46.7325 32.5993
threshold=2179.0999999999981 63781.563000000002 0.0035309592453017145 290.26071428571339 195120.18549999999 64.282486605125854 -0.71010507728765382 273814.38050000049 1223.2678571428576 0.012286582732176947 204732.45099999997 282149.62500000041 1.0412287945604979 1911.4821428571431 1.0104684266510455 -106.45066873117683
decision_type=2 2 2 2 2 2 2 2 2 2 2 2 2 2 2 2
left_child=1 2 -1 -2 -4 6 7 -3 -7 10 -8 12 15 14 -13 -12
right_child=3 5 4 -5 -6 8 9 -9 -10 -11 11 13 -14 -15 -16 -17
leaf_value=0.0097273586463939316 0.00799493961212773 0.006713371666287586 0.00099019357189098953 -0.0071430090425014768 -0.0098888533978656254 0.0097080803423472053 0.012760137897151563 -0.011573606060138759 -0.0024454480992980037 0.016405831254614159 0.0073736694982346231 0.015645400854116327 0.012828505478209257 -0.00087425804438631878 0.0016147173276038782 -0.0041120501084014448
leaf_weight=72.358544752001762 72.480286300182343 69.281521275639534 153.47738681733608 501.61732704937458 308.01296685636044 89.144477292895317 128.56998823583126 82.857697069644928 479.13084694743156 78.053844556212425 79.635560035705566 181.81335765123367 72.767013251781464 88.678565144538879 92.099051505327225 302.24223254621029
leaf_count=209 197 207 478 1644 1008 256 338 253 1483 203 225 466 201 304 261 810
internal_value=5.19401e-05 0.00138326 -0.00408841 -0.00522394 -0.00626515 0.00306005 0.0047975 -0.00322739 -0.000530307 0.00599351 0.00512723 0.00391938 0.00061864 0.00804642 0.0109445 -0.00170563
internal_weight=2852.22 2278.12 533.849 574.098 461.49 1744.27 1176 152.139 568.275 1023.86 945.806 817.236 454.645 362.591 273.912 381.878
internal_count=8543 6702 1695 1841 1486 5007 3268 460 1739 2808 2605 2267 1236 1031 727 1035
is_linear=0
shrinkage=0.0159991


Tree=4
num_leaves=17
num_cat=0
split_feature=18 9 8 23 24 40 24 16 41 16 2 44 40 40 46 10
split_gain=159.974 86.5635 47.0249 32.2121 27.5729 37.1978 23.3937 41.2318 20.7383 27.0253 18.5848 18.4152 20.1714 75.4339 25.4569 26.1111
threshold=0.01675136033306851 667.3250000000013 5551.9711000000007 86.111008057341351 353628.45500000048 63893.392000000007 354898.81150000048 -91.159802080597402 0.99083477330299774 -415.60775121646014 65448.213000000011 114370.07200000001 60986.018000000011 62337.095999999998 1018.9571428571422 116891.72833333335
decision_type=2 2 2 2 2 2 2 2 2 2 2 2 2 2 2 2
left_child=1 11 4 6 5 -2 7 -3 9 -7 -4 12 -1 -14 -15 -16
right_child=2 3 10 -5 -6 8 -8 -9 -10 -11 -12 -13 13 14 15 -17
leaf_value=-0.0085909643740311546 0.010639173457324324 0.011472692908325756 0.019046978948829254 -0.0069267086389748636 0.013528593914340796 -0.0014382434426018287 0.011755205956822451 -0.00096572377084330231 -0.0024044661784872043 0.012639592384816153 0.0089694169134874411 -0.010945415099455735 0.010129998602893498 -0.012466616825887414 -0.0043513407795690651 0.0052961235145764594
leaf_weight=204.59892874956131 105.41360644996166 98.211512595415115 64.327761024236679 67.021126210689545 60.545103758573532 74.414049476385117 99.710938304662704 220.89508259296417 289.08784177899361 64.875830739736557 184.93395487964153 103.45223663747311 100.12639276683331 90.879878208041191 946.26773990690708 77.232604891061783
leaf_count=518 381 358 261 172 228 215 363 649 826 241 648 246 358 209 2614 256
internal_value=-8.23443e-05 -0.00253922 0.00576222 0.00333599 0.0033062 0.00213566 0.00498867 0.0028577 3.13044e-05 0.00510534 0.0115975 -0.00441628 -0.00393643 -0.00314828 -0.00434595 -0.00361925
internal_weight=2851.99 2008.4 843.598 485.839 594.336 533.791 418.818 319.107 428.378 139.29 249.262 1522.56 1419.11 1214.51 1114.38 1023.5
internal_count=8543 5743 2800 1542 1891 1663 1370 1007 1282 456 909 4201 3955 3437 3079 2870
is_linear=0
shrinkage=0.0159991


Tree=5
num_leaves=17
num_cat=0
split_feature=9 25 13 46 46 31 25 18 29 31 46 39 13 31 10 29
split_gain=86.2449 59.0269 52.142 44.2057 43.632 76.0697 73.8416 82.1644 69.7251 51.1962 47.6485 41.3679 44.1585 39.9255 38.792 44.1707
threshold=662.56785714285422 357949.25977500057 0.99224945515377627 1959.5750000000019 1339.0821428571414 0.0057213787579740013 198320.51499999998 7.8000499172739132e-09 0.00061524966320480889 0.0052115257226214452 1749.707142857141 26.353591623710667 1.0047644288889483 0.0040150458140188507 97790.678333333359 0.010991513829297419
decision_type=2 2 2 2 2 2 2 2 2 2 2 2 2 2 2 2
left_child=1 2 -1 -2 6 9 -4 -8 -7 10 11 -6 -13 -12 15 -5
right_child=3 -3 4 14 5 8 7 -9 -10 -11 13 12 -14 -15 -16 -17
leaf_value=-0.0036257396847256479 -0.0075491492523787167 -0.0084428610564397325 -0.01040713834245475 0.0067415471219088091 -0.00076343051301182394 0.021597030886774702 0.014093834455352254 -0.0018797392688266739 0.0020647930008585607 -0.0087303259794869505 -0.0034495292332716505 0.016538627261945112 0.004704657401483822 0.0084137179615141559 -0.0064029281356357305 -0.0085597540918997059
leaf_weight=283.07147188484669 457.16992448270321 130.71613615751266 130.13064239919186 212.39712382853031 96.730593964457512 128.78809210658073 125.5084096044302 238.4496880620718 74.076578095555305 78.215433537960052 228.25176841020584 176.78058004379272 150.53716395795345 106.20074750483036 173.03117863833904 62.131259933114052
leaf_count=871 1495 399 381 651 230 327 338 717 208 208 662 449 426 338 603 240
internal_value=2.92776e-05 0.00192663 0.00267542 -0.00405078 0.00384087 0.00570098 -6.72034e-05 0.00362504 0.0144905 0.00356287 0.0048369 0.00839702 0.0111126 0.00031098 -0.000468211 0.00326285
internal_weight=2852.19 1947.46 1816.74 904.729 1533.67 1039.58 494.089 363.958 202.865 836.716 758.501 424.048 327.318 334.453 447.56 274.528
internal_count=8543 5554 5155 2989 4284 2848 1436 1055 535 2313 2105 1105 875 1000 1494 891
is_linear=0
shrinkage=0.0159991


Tree=6
num_leaves=17
num_cat=0
split_feature=8 7 22 23 23 16 39 14 9 9 16 18 45 45 10 39
split_gain=59.1703 63.5476 55.8273 48.4527 38.0293 37.2529 37.0021 73.2325 34.5016 38.5481 34.1661 30.2286 29.6428 85.6537 60.3357 39.9829
threshold=2716.1608750000005 109088.6392567189 15.153218565477909 12.419738872633726 18.299279747498456 0.8341932360284402 53.09215634909571 0.99722714370291754 374.80714285713793 467.73571428571535 -336.69541459110616 1.0346069326256358e-08 0.95847696213130995 0.95126176838164433 64701.975000000013 53.09215634909571
decision_type=2 2 2 2 2 2 2 2 2 2 2 2 2 2 2 2
left_child=3 2 -2 -1 -5 -3 7 10 -8 -10 -6 -9 13 -4 -14 -16
right_child=1 5 12 4 6 -7 8 11 9 -11 -12 -13 14 -15 15 -17
leaf_value=0.010872128812673073 -0.010381811998907302 -0.0014883282737416449 -0.0018027360436043791 -0.0096250169650409032 0.0094996903675222399 0.013797942487858312 -0.0040241529937167803 0.020282718035664199 0.012034395855552724 -0.0037261418954381139 -0.0034067435305714967 0.0078377128740741153 -0.010484633062911995 0.018486152828188735 0.0036120133743290078 -0.0040221217535370522
leaf_weight=162.18464289605618 221.83172786235809 69.455987513065338 245.44405001401901 73.176084727048874 69.928917542099953 97.401627480983734 310.42653940618038 76.733597755432129 90.057686597108841 70.374383985996246 208.3948428183794 148.10893525183201 217.20279708504677 67.728176817297935 298.65962286293507 425.01886302232742
leaf_count=442 792 218 744 242 188 268 918 192 246 242 576 405 718 170 899 1283
internal_value=5.11967e-05 -0.00192481 -0.00298466 0.00273777 0.0014729 0.00742217 0.00231192 0.00532845 -0.00090579 0.00510542 -0.000147591 0.0121148 -0.00167202 0.00258472 -0.00309255 -0.000866986
internal_weight=2852.13 1642.74 1475.89 1209.39 1047.2 166.858 974.025 503.166 470.859 160.432 278.324 224.843 1254.05 313.172 940.881 723.678
internal_count=8543 5092 4606 3451 3009 486 2767 1361 1406 488 764 597 3814 914 2900 2182
is_linear=0
shrinkage=0.0159991


Tree=7
num_leaves=17
num_cat=0
split_feature=8 12 12 25 13 8 15 46 31 31 8 39 23 19 31 22
split_gain=118.302 78.2469 64.7711 54.16 48.6894 39.1582 37.826 37.2696 33.5343 30.6291 26.228 22.1634 22.0949 21.1636 25.8913 17.2945
threshold=5740.0167500000016 0.99284571998900051 1.0075900540805851 378992.22360000055 1.0243437761862217 3082.8300500000005 -77.792626420825385 2043.435714285715 0.012286582732176947 0.0089679316919261589 1597.3805750000004 1.8106437588023001 89.78407863302148 0.55590169943685763 0.0029537040925882575 50.471910986618248
decision_type=2 2 2 2 2 2 2 2 2 2 2 2 2 2 2 2
left_child=1 -1 6 4 10 -6 7 11 9 -8 -3 -2 13 14 -12 -15
right_child=2 3 -4 -5 5 -7 8 -9 -10 -11 12 -13 -14 15 -16 -17
leaf_value=0.0064803851745892024 -0.0039756930706617392 -0.0076052328776009103 0.017760429301351299 0.0085505346531723862 0.014869470105817019 -0.0013432412653141496 -0.0013477170336724236 0.016035988584408807 -0.0059851920851128016 0.013558827150604212 0.0056271985987554896 0.009155226143640614 -0.0088948914617219266 -0.0046799054916381484 -0.0043361043875905017 0.0043946195040432366
leaf_weight=259.35255792737007 61.536657705903053 444.62121108174324 102.67675776779652 100.73911707103252 62.199410021305084 97.12979294359684 79.739163130521774 98.480392947793007 132.39637629687786 62.538233056664467 72.364175871014595 69.752022966742516 148.33920136094093 75.887879610061646 802.52312476933002 181.42002263665199
leaf_count=869 169 1146 409 349 238 284 234 383 351 235 240 245 372 207 2223 589
internal_value=-8.0967e-05 -0.00177693 0.00618229 -0.00285789 -0.00347037 0.00497765 0.00381258 0.0085997 -0.000183966 0.00519285 -0.00425299 0.00297994 -0.00308544 -0.00231989 -0.00350716 0.00170415
internal_weight=2851.7 2244.58 607.12 1985.22 1884.48 159.329 504.443 229.769 274.674 142.277 1725.16 131.289 1280.53 1132.2 874.887 257.308
internal_count=8543 6517 2026 5648 5299 522 1617 797 820 469 4777 414 3631 3259 2463 796
is_linear=0
shrinkage=0.0159991


Tree=8
num_leaves=17
num_cat=0
split_feature=9 25 32 45 21 13 20 41 25 0 13 18 32 41 17 0
split_gain=83.5932 57.6588 53.7509 60.7496 62.6624 50.5585 46.1873 41.787 60.5341 50.7875 49.6675 39.0614 32.5706 40.8186 53.3438 31.0424
threshold=662.56785714285422 357949.25977500057 0.24051668069234042 1.1389966114966403 1.0000000180025095e-35 0.99224945515377627 0.01374909733307852 1.0380321664564307 187240.42972500002 59950.215000000011 1.0042453121631616 5.4005330016142726e-08 0.37684066344596351 0.9961891146213544 -2.3250066436219399 67352.110000000001
decision_type=2 2 2 2 2 2 2 2 2 2 2 2 2 2 2 2
left_child=1 5 3 4 6 -1 -2 8 -7 -10 -9 -4 -11 -14 -15 -12
right_child=2 -3 11 -5 -6 7 -8 10 9 12 15 -13 13 14 -16 -17
leaf_value=-0.0035793902095594592 -0.0037008565558045137 -0.0083720086795448477 -0.015094549254884126 0.0083323666549305949 -0.0084816948990910895 -0.0048472809798565221 0.014259000433971448 0.0072237789572877457 0.016602378601174552 0.0034429423065655213 0.0020369858965685909 -0.0042222953974551019 0.019805227572482317 0.01429029957027538 -0.0031649005912828708 -0.010593624648875973
leaf_weight=282.60142570734024 80.087007984519005 130.31212919950485 149.86275945603848 136.92943842709064 272.05649700760841 137.09905882179737 66.95522166788578 113.29501558840275 112.44607251882553 705.22427606582642 78.811841800808907 196.95526959002018 77.632090851664543 92.583165317773819 86.081993445754051 133.11414125561714
leaf_count=871 227 399 504 421 955 395 205 292 292 1931 232 677 217 256 254 415
internal_value=2.86385e-05 0.00189388 -0.00399428 -0.00090382 -0.00393191 0.00263205 0.00446448 0.00377708 0.00514479 0.00642405 -0.00130625 -0.00893607 0.00522689 0.010116 0.00586885 -0.00588419
internal_weight=2852.05 1949.2 902.846 556.028 419.099 1818.89 147.042 1536.29 1211.07 1073.97 325.221 346.818 961.522 256.297 178.665 211.926
internal_count=8543 5554 2989 1808 1387 5155 432 4284 3345 2950 939 1181 2658 727 510 647
is_linear=0
shrinkage=0.0159991


Tree=9
num_leaves=17
num_cat=0
split_feature=9 40 44 24 24 24 42 41 9 3 24 9 16 42 9 22
split_gain=56.782 75.3507 40.5495 39.3791 73.9279 54.2369 45.0022 54.9995 55.0314 40.7834 33.8369 43.7983 29.8347 27.5815 42.1976 31.9702
threshold=175.85714285714289 63893.392000000007 65780.644000000015 177501.60200000004 242145.8750000002 255697.58500000046 386.70000000000078 1.0396127373775441 539.25357142857229 117729.90225000003 268500.17100000038 545.07857142857517 -111.32456460076106 355.16428571428804 329.02499999999583 72.542498185451862
decision_type=2 2 2 2 2 2 2 2 2 2 2 2 2 2 2 2
left_child=-1 2 -2 -3 6 -6 -5 8 -8 10 11 -7 -10 -12 -15 -16
right_child=1 3 -4 4 5 9 7 -9 12 -11 13 -13 -14 14 15 -17
leaf_value=0.0097212069900021077 -0.0077214819614866495 -0.011183962783013189 0.0043132012456467824 0.018534141673837566 -0.012756765608259406 0.011798008989280032 -0.0067725616643192904 0.016299951370019498 0.00022635597320851163 0.0094033892419570168 -0.011127784800449 -0.0020058532649748001 0.014787629248648203 0.0070229007186948956 -0.0042745612557375297 0.0015190661570189193
leaf_weight=147.19030478596687 454.56892032921314 67.105989351868629 84.56149722635746 74.344418808817863 84.19073374569416 123.45622657239437 119.53161627054214 81.193499609827995 69.268131703138351 119.01738147437572 69.93200895190239 111.48427084088326 75.865453153848648 153.25355350971222 613.85705277323723 403.14742784202099
leaf_count=388 1474 226 266 181 291 335 340 199 246 324 199 332 196 400 1885 1261
internal_value=5.04253e-05 -0.00047541 -0.00582695 0.000855818 0.00124347 -0.000257531 0.00724325 0.00479675 0.00124516 0.000402245 -0.000323116 0.00523844 0.00787078 -0.00138001 -0.000792795 -0.00197495
internal_weight=2851.97 2704.78 539.13 2165.65 2098.54 1678.34 420.203 345.859 264.665 1594.15 1475.13 234.94 145.134 1240.19 1170.26 1017
internal_count=8543 8155 1740 6415 6189 5027 1162 981 782 4736 4412 667 442 3745 3546 3146
is_linear=0
shrinkage=0.0159991


Tree=10
num_leaves=17
num_cat=0
split_feature=9 29 2 13 2 40 23 43 31 40 46 7 9 40 14 40
split_gain=150.532 77.3497 53.8055 51.6735 30.4013 29.5025 28.8684 32.4605 25.9327 24.8363 25.6317 36.6376 22.3556 21.2296 23.3422 21.1638
threshold=679.2249999999982 -0.0081890705331142937 65448.213000000011 1.0243437761862217 67384.459000000017 96365.552000000011 89.78407863302148 76.344303761963559 0.013363885183032448 95889.79300000002 1622.7250000000001 109749.11042652173 970.2714285714211 70108.612000000008 0.99170903775956243 60986.018000000011
decision_type=2 2 2 2 2 2 2 2 2 2 2 2 2 2 2 2
left_child=1 4 8 15 -1 -6 7 9 -2 13 -11 12 -12 -4 -15 -3
right_child=2 3 6 -5 5 -7 -8 -9 -10 10 11 -13 -14 14 -16 -17
leaf_value=0.014415600065846529 0.024311349778359116 -0.0087858668115462901 0.011638860959055357 0.0072290676108989231 -0.005641146087765809 0.009760586163118673 -0.0032611116978055908 -0.0015107727136065929 0.0086414919550418193 0.00075900273076600039 0.011568837081448364 0.0042591438014201325 0.024916050399581509 0.0048695234763214803 -0.0074818578062294892 -0.0035419377823900189
leaf_weight=80.575981989502907 50.995399489998817 229.33631147444248 58.998859107494354 106.14081756770611 65.207337483763695 61.61244960129261 118.57390594482422 138.1470680385828 59.980992153286934 54.414778411388397 66.630314081907272 76.378882542252541 65.676528304815292 110.94748240709305 60.20011779665947 1447.5181957185268
leaf_count=307 222 579 215 361 174 218 332 400 209 164 243 245 288 364 154 4068
internal_value=-7.96288e-05 -0.00249843 0.00550783 -0.00357543 0.00673915 0.00182021 0.00396091 0.00532291 0.0159046 0.00724316 0.0106051 0.0131537 0.0182488 0.00337947 0.00050233 -0.00426209
internal_weight=2851.34 1990.39 860.944 1783 207.396 126.82 749.968 631.394 110.976 493.247 263.101 208.686 132.307 230.146 171.148 1676.85
internal_count=8543 5707 2836 5008 699 392 2405 2073 431 1673 940 776 531 733 518 4647
is_linear=0
shrinkage=0.0159991


Tree=11
num_leaves=17
num_cat=0
split_feature=9 25 13 46 46 24 18 24 13 22 41 43 46 0 24 42
split_gain=81.237 56.1481 48.9623 42.775 42.2887 76.5984 76.4654 67.6927 59.816 54.0445 44.7538 56.2852 40.2182 37.4637 46.2115 30.9202
threshold=662.56785714285422 357949.25977500057 0.99224945515377627 1959.5750000000019 1339.0821428571414 199642.09000000005 7.8000499172739132e-09 200268.57850000003 1.0069792099713466 33.923235285076011 0.98169384635259183 75.712611088608739 1739.0750000000005 97791.120000000024 326065.27150000038 454.79642857142716
decision_type=2 2 2 2 2 2 2 2 2 2 2 2 2 2 2 2
left_child=1 2 -1 -2 5 -4 -7 -6 9 12 -11 15 -9 14 -5 -12
right_child=3 -3 4 13 7 6 -8 8 -10 10 11 -13 -14 -15 -16 -17
leaf_value=-0.0035289240005323503 -0.0073996774023133219 -0.0082868069911551812 -0.01076892223727976 -0.0011318156390955063 0.015183757304023229 0.013629570846365166 -0.0017132847970978814 0.0061373631541860822 -0.0025290963326518499 0.020266073079647989 0.010079488844251847 0.017481982420249821 -0.0083508751727987864 -0.006187621310061512 0.013095753844577359 -0.0015856667467256452
leaf_weight=282.08830094337463 454.26546394824982 129.82124942541122 128.24559964239597 186.95603084564209 158.12628966569901 126.74380113184452 239.99263587594032 108.98530772328377 265.66304495930672 83.511486053466797 95.808161035180092 96.51000864803791 88.769622132182121 175.31139974296093 84.546334803104401 146.47692024707794
leaf_count=871 1495 399 378 621 410 338 720 288 805 206 237 236 263 614 259 403
internal_value=2.80668e-05 0.0018644 0.00259079 -0.00394335 0.00371504 -0.000130304 0.00358547 0.00554116 0.00381274 0.00653496 0.00976607 0.00715699 -0.000352126 -0.000420312 0.00329392 0.00301892
internal_weight=2851.82 1950.74 1820.92 901.079 1538.83 494.982 366.736 1043.85 885.725 620.062 422.307 338.795 197.755 446.814 271.502 242.285
internal_count=8543 5554 5155 2989 4284 1436 1058 2848 2438 1633 1082 876 551 1494 880 640
is_linear=0
shrinkage=0.0159991


Tree=12
num_leaves=17
num_cat=0
split_feature=46 3 31 9 24 21 32 24 46 31 39 14 9 13 45 9
split_gain=74.9303 76.0857 60.3906 53.7899 45.832 40.8317 42.2914 47.5054 41.8731 34.3792 34.6979 58.3309 37.5947 33.366 32.4458 50.0997
threshold=2179.0999999999981 63781.563000000002 0.0035309592453017145 290.26071428571339 195120.18549999999 64.282486605125854 -0.71010507728765382 273814.38050000049 1223.2678571428576 0.012286582732176947 53.09215634909571 0.99722714370291754 539.25357142857229 0.99997166705759377 1.1695833204748383 1422.3785714285689
decision_type=2 2 2 2 2 2 2 2 2 2 2 2 2 2 2 2
left_child=1 2 -1 -2 13 6 7 -3 -7 10 11 -8 -13 -4 15 -5
right_child=3 5 4 14 -6 8 9 -9 -10 -11 -12 12 -14 -15 -16 -17
leaf_value=0.0095677131842844109 0.0076549926387768858 0.0064764135552865107 -0.0068896207465823861 -0.01321955026452566 -0.0096880074144389747 0.0094577656193868837 0.0032076978676202927 -0.011436420562774764 -0.0024400723424782477 0.015990558583545571 0.0016237261185953966 0.019100589050034981 0.0050625580900800502 0.0080380897895528172 -0.0017817374092637711 0.0035302605472641111
leaf_weight=72.626741304993629 73.084048762917519 69.692426845431328 71.944220766425133 253.50467395782471 305.08639416098595 89.67088295519352 300.92909386754036 82.267309263348579 478.99141773581505 78.71360519528389 433.11426264047623 138.80442604422569 76.679643020033836 81.394133999943733 189.96167100965977 55.310037150979042
leaf_count=209 197 207 235 883 1008 256 814 253 1483 203 1210 327 254 243 574 187
internal_value=4.97227e-05 0.00134975 -0.00395053 -0.00512621 -0.0061027 0.00296133 0.0046583 -0.00320267 -0.000555388 0.00582359 0.0049739 0.00777561 0.0141302 0.00101357 -0.00700795 -0.0102089
internal_weight=2851.77 2279.91 531.051 571.86 458.425 1748.86 1180.2 151.96 568.662 1028.24 949.527 516.413 215.484 153.338 498.776 308.815
internal_count=8543 6702 1695 1841 1486 5007 3268 460 1739 2808 2605 1395 581 478 1644 1070
is_linear=0
shrinkage=0.0159991


Tree=13
num_leaves=17
num_cat=0
split_feature=18 20 17 1 43 24 24 17 22 39 46 38 22 32 14 15
split_gain=148.243 46.5568 37.3049 34.9327 41.7987 34.4301 33.6791 32.2594 31.0783 29.0019 23.5028 23.2775 22.5347 32.6913 17.7843 22.6208
threshold=0.01675136033306851 0.0085782339883517227 18.776981173481001 63993.750000000007 38.256733201158909 379002.73150000052 353628.45500000048 -12.586891200093218 6.6423503790650997 7.324102722344251 1828.5964285714276 -0.22252093395631442 87.979451591316334 0.75508819613654787 1.0420074205311567 151.33859273771671
decision_type=2 2 2 2 2 2 2 2 2 2 2 2 2 2 2 2
left_child=1 5 7 4 -2 12 8 -3 -5 -4 14 -12 13 -1 15 -10
right_child=3 2 9 6 -6 -7 -8 -9 10 -11 11 -13 -14 -15 -16 -17
leaf_value=-0.0042155140708168507 0.0048208656952223152 0.0052250201076422358 0.0033325322155847346 0.012891299702382713 0.020834405279108906 0.0063928988519003568 0.013716023944002934 -0.0062046825835872935 0.001054510409821601 0.017429789113493122 0.011969765865863555 0.0012741219295404702 -0.010152751604957931 0.0069071872820239766 0.0056210662185006777 -0.0087482608664070632
leaf_weight=1267.6222129464149 94.074016898870468 105.65540172159672 113.28787146508694 66.460400402545929 75.98851415514946 81.058639258146286 78.822965323925018 156.18220010399818 125.37290242314339 56.194500774145126 82.670330554246902 142.44986565411091 151.12086580693722 71.049938261508942 68.049195632338524 114.83056722581387
leaf_count=3516 308 347 359 246 315 270 296 415 380 224 303 438 371 241 225 289
internal_value=-7.83017e-05 -0.00245473 0.00219569 0.00552324 0.0120126 -0.00373379 0.00388903 -0.00157992 0.00258781 0.00804204 0.00129319 0.00522388 -0.00428779 -0.00362175 -0.00156875 -0.00362218
internal_weight=2850.89 2002.17 431.32 848.719 170.063 1570.85 678.656 261.838 599.833 169.482 533.373 225.12 1489.79 1338.67 308.253 240.203
internal_count=8543 5743 1345 2800 623 4398 2177 762 1881 583 1635 741 4128 3757 894 669
is_linear=0
shrinkage=0.0159991


Tree=14
num_leaves=17
num_cat=0
split_feature=9 25 32 13 46 24 18 31 12 31 46 32 31 41 18 46
split_gain=78.7153 55.0038 52.4733 47.5744 41.4966 75.0549 74.0962 71.3386 57.9426 49.6088 45.5955 54.6309 67.5852 51.6234 38.67 35.3992
threshold=662.56785714285422 357949.25977500057 0.24051668069234042 0.99224945515377627 1339.0821428571414 199642.09000000005 7.8000499172739132e-09 0.0057213787579740013 1.0035537083951012 0.0052115257226214452 1749.707142857141 0.48294870219502956 0.0041365099931011153 1.0148525006190339 5.4005330016142726e-08 1959.5750000000019
decision_type=2 2 2 2 2 2 2 2 2 2 2 2 2 2 2 2
left_child=1 3 15 -1 5 -5 -7 9 -9 10 -6 12 13 -12 -4 -2
right_child=2 -3 14 4 7 6 -8 8 -10 -11 11 -13 -14 -15 -16 -17
leaf_value=-0.0034882389804232186 -0.0051211460755760897 -0.0082289104355577139 -0.014952903287128016 -0.010706988651542864 0.0081042777546176652 0.013365868224985438 -0.0017106717991399662 0.02025117348348307 0.0024588798446759349 -0.0087178795915838162 0.0025064930175930293 0.012272919156240174 0.0089832850096314906 -0.015168036814431216 -0.0040958489425775152 0.0029705521846403239
leaf_weight=281.67036478221416 261.20165286958218 129.48476749658585 148.47152808308601 127.84801836311817 427.03364922106266 127.43884459137917 239.96702533960342 131.92670041322708 73.36857233941555 78.166669145226479 66.534599557518959 74.613138765096664 79.930552959442139 114.32962025702 196.01903228461742 293.48255999386311
leaf_count=871 850 399 504 378 1105 338 720 333 202 208 170 236 241 353 677 958
internal_value=2.7437e-05 0.00183253 -0.00388778 0.00254991 0.00365589 -0.000153052 0.00351496 0.00546219 0.0139175 0.00339032 0.00463801 0.000212903 -0.00323264 -0.0086533 -0.00879093 -0.0008346
internal_weight=2851.49 1952.31 899.175 1822.83 1541.16 495.254 367.406 1045.9 205.295 840.608 762.442 335.408 260.795 180.864 344.491 554.684
internal_count=8543 5554 2989 5155 4284 1436 1058 2848 535 2313 2105 1000 764 523 1181 1808
is_linear=0
shrinkage=0.0159991


end of trees

feature_importances:
atr_14=22
atr_14_1d=20
obv=18
high_low_ratio=14
ma_50_ratio=12
bb_width=12
stoch_d=10
obv_ma_20=10
body_ratio=10
ma_50_4h=8
ma_50_4h_ratio=8
volume_ma_20=7
ma_200_ratio=7
rsi_14_4h=7
macd_signal=6
stoch_k=6
ma_30=5
macd_hist=5
ma_50_1d_ratio=5
atr_14_pct=4
adx_14=4
return_20=4
atr_14_4h=4
rsi_14_1d=4
ma_50_1d=4
ma_10=3
ma_50=3
ma_200=3
bb_lower=3
ma_30_ratio=3
macd=3
dow_cos=2
ma_20=1
bb_upper=1
bb_position=1
dow_sin=1

parameters:
[boosting: gbdt]
[objective: multiclass]
[metric: multi_logloss]
[tree_learner: serial]
[device_type: cpu]
[data_sample_strategy: bagging]
[data: ]
[valid: ]
[num_iterations: 1000]
[learning_rate: 0.0159991]
[num_leaves: 17]
[num_threads: 12]
[seed: 0]
[deterministic: 0]
[force_col_wise: 0]
[force_row_wise: 0]
[histogram_pool_size: -1]
[max_depth: -1]
[min_data_in_leaf: 192]
[min_sum_hessian_in_leaf: 0.001]
[bagging_fraction: 0.590369]
[pos_bagging_fraction: 1]
[neg_bagging_fraction: 1]
[bagging_freq: 5]
[bagging_seed: 3]
[bagging_by_query: 0]
[feature_fraction: 0.632375]
[feature_fraction_bynode: 1]
[feature_fraction_seed: 2]
[extra_trees: 0]
[extra_seed: 6]
[early_stopping_round: 0]
[early_stopping_min_delta: 0]
[first_metric_only: 0]
[max_delta_step: 0]
[lambda_l1: 0.199754]
[lambda_l2: 0.219641]
[linear_lambda: 0]
[min_gain_to_split: 0]
[drop_rate: 0.1]
[max_drop: 50]
[skip_drop: 0.5]
[xgboost_dart_mode: 0]
[uniform_drop: 0]
[drop_seed: 4]
[top_rate: 0.2]
[other_rate: 0.1]
[min_data_per_group: 100]
[max_cat_threshold: 32]
[cat_l2: 10]
[cat_smooth: 10]
[max_cat_to_onehot: 4]
[top_k: 20]
[monotone_constraints: ]
[monotone_constraints_method: basic]
[monotone_penalty: 0]
[feature_contri: ]
[forcedsplits_filename: ]
[refit_decay_rate: 0.9]
[cegb_tradeoff: 1]
[cegb_penalty_split: 0]
[cegb_penalty_feature_lazy: ]
[cegb_penalty_feature_coupled: ]
[path_smooth: 0]
[interaction_constraints: ]
[verbosity: -1]
[saved_feature_importance_type: 0]
[use_quantized_grad: 0]
[num_grad_quant_bins: 4]
[quant_train_renew_leaf: 0]
[stochastic_rounding: 1]
[linear_tree: 0]
[max_bin: 255]
[max_bin_by_feature: ]
[min_data_in_bin: 3]
[bin_construct_sample_cnt: 200000]
[data_random_seed: 1]
[is_enable_sparse: 1]
[enable_bundle: 1]
[use_missing: 1]
[zero_as_missing: 0]
[feature_pre_filter: 1]
[pre_partition: 0]
[two_round: 0]
[header: 0]
[label_column: ]
[weight_column: ]
[group_column: ]
[ignore_column: ]
[categorical_feature: ]
[forcedbins_filename: ]
[precise_float_parser: 0]
[parser_config_file: ]
[objective_seed: 5]
[num_class: 3]
[is_unbalance: 0]
[scale_pos_weight: 1]
[sigmoid: 1]
[boost_from_average: 1]
[reg_sqrt: 0]
[alpha: 0.9]
[fair_c: 1]
[poisson_max_delta_step: 0.7]
[tweedie_variance_power: 1.5]
[lambdarank_truncation_level: 30]
[lambdarank_norm: 1]
[label_gain: ]
[lambdarank_position_bias_regularization: 0]
[eval_at: ]
[multi_error_top_k: 1]
[auc_mu_weights: ]
[num_machines: 1]
[local_listen_port: 12400]
[time_out: 120]
[machine_list_filename: ]
[machines: ]
[gpu_platform_id: -1]
[gpu_device_id: -1]
[gpu_use_dp: 0]
[num_gpu: 1]

end of parameters

pandas_categorical:[]
